Time            	RT01 (RPM)     	RT02 (RPM)    	FT01 (m3/h)   	FT02 (m3/h)   	PT01 (bar)    	PT02 (bar)    	PT03 (bar)    	PT04 (bar)    	PT05 (bar)    	PT06 (bar)    	PT07 (bar)    	PT08 (bar)    	TT01 (C)      	TT02 (C)      	TT03 (C)      	TT04 (C)      
15:06:48 10-4-2026	  0.000000	  0.000000	  0.000000	  0.000000	  0.141726	  0.144961	  0.163424	  0.090578	  0.109499	  0.090394	  0.008850	  0.010132	 18.525978	 18.590066	 18.596933	 18.519112
15:06:49 10-4-2026	  0.000000	  0.000000	  0.000000	  0.000000	  0.142092	  0.145838	  0.163615	  0.089967	  0.109499	  0.090394	  0.008545	  0.010315	 18.525978	 18.590066	 18.596933	 18.519112
15:06:50 10-4-2026	 84.944203	  0.000000	  0.000000	  0.000000	  0.142397	  0.144541	  0.164034	  0.088502	  0.109316	  0.090272	  0.008850	  0.010315	 18.519112	 18.590066	 18.596933	 18.512245
15:06:51 10-4-2026	  0.000000	  0.000000	  0.000000	  0.000000	  0.142397	  0.144427	  0.163729	  0.089296	  0.109499	  0.089784	  0.008728	  0.010315	 18.519112	 18.590066	 18.585489	 18.512245
15:06:52 10-4-2026	104.813975	  0.000000	  0.000000	  0.000000	  0.142214	  0.145838	  0.164034	  0.088014	  0.109499	  0.089479	  0.008057	  0.010132	 18.525978	 18.596933	 18.596933	 18.512245
15:06:53 10-4-2026	114.260871	  0.000000	  0.000000	  0.000000	  0.142092	  0.144846	  0.163233	  0.087892	  0.109499	  0.090883	  0.009216	  0.010315	 18.525978	 18.590066	 18.596933	 18.512245
15:06:54 10-4-2026	122.879182	  0.000000	  0.000000	  0.000000	  0.141909	  0.144732	  0.163615	  0.089479	  0.109499	  0.090272	  0.008850	  0.010132	 18.525978	 18.596933	 18.585489	 18.512245
15:06:55 10-4-2026	131.328106	  0.000000	  0.000000	  0.000000	  0.142092	  0.144846	  0.163615	  0.090089	  0.109499	  0.091188	  0.008545	  0.010132	 18.512245	 18.590066	 18.596933	 18.519112
15:06:56 10-4-2026	139.063733	  0.000000	  0.000000	  0.000000	  0.141909	  0.145342	  0.163615	  0.087709	  0.109621	  0.090272	  0.008728	  0.010132	 18.512245	 18.590066	 18.596933	 18.512245
15:06:57 10-4-2026	148.898265	  0.000000	  0.000000	  0.000000	  0.141726	  0.146029	  0.163615	  0.091066	  0.109316	  0.092348	  0.008728	  0.010315	 18.519112	 18.590066	 18.590066	 18.512245
15:06:58 10-4-2026	156.096251	  0.000000	  0.000000	  0.000000	  0.142092	  0.143244	  0.163806	  0.089601	  0.109316	  0.089479	  0.008850	  0.010315	 18.512245	 18.596933	 18.596933	 18.512245
15:06:59 10-4-2026	165.648035	  0.000000	  0.000000	  0.000000	  0.142214	  0.143359	  0.163615	  0.089479	  0.109316	  0.090272	  0.009216	  0.010010	 18.519112	 18.596933	 18.590066	 18.519112
15:07:00 10-4-2026	191.304997	  0.000000	  0.000000	  0.000000	  0.141909	  0.144427	  0.163729	  0.091371	  0.109499	  0.091188	  0.009216	  0.010315	 18.512245	 18.590066	 18.590066	 18.507668
15:07:01 10-4-2026	182.991616	  0.000000	  0.000000	  0.000000	  0.141909	  0.143740	  0.163615	  0.091859	  0.109316	  0.091188	  0.009644	  0.010437	 18.519112	 18.590066	 18.590066	 18.507668
15:07:02 10-4-2026	203.813192	  0.000000	  0.000000	  0.000000	  0.141726	  0.142367	  0.163500	  0.091371	  0.109621	  0.091066	  0.008850	  0.010437	 18.525978	 18.590066	 18.596933	 18.512245
15:07:03 10-4-2026	199.687190	  0.000000	  0.000000	  0.000000	  0.141726	  0.142557	  0.163729	  0.092348	  0.109621	  0.090761	  0.010010	  0.010315	 18.525978	 18.590066	 18.601511	 18.519112
15:07:04 10-4-2026	207.274613	  0.000000	  0.000000	  0.000000	  0.141421	  0.142061	  0.163920	  0.089296	  0.109499	  0.091554	  0.009339	  0.010620	 18.519112	 18.585489	 18.601511	 18.512245
15:07:05 10-4-2026	237.569121	  0.000000	  0.000000	  0.000000	  0.141604	  0.140764	  0.163500	  0.095155	  0.109499	  0.094057	  0.009216	  0.010437	 18.519112	 18.590066	 18.596933	 18.512245
15:07:06 10-4-2026	239.465250	  0.000000	  0.000000	  0.000000	  0.141421	  0.137675	  0.164034	  0.094728	  0.109316	  0.091676	  0.010132	  0.010620	 18.519112	 18.590066	 18.590066	 18.530556
15:07:07 10-4-2026	256.071126	  0.000000	  0.000000	  0.000000	  0.141421	  0.135996	  0.163310	  0.093751	  0.109316	  0.092164	  0.009827	  0.010620	 18.519112	 18.596933	 18.596933	 18.512245
15:07:08 10-4-2026	283.158477	  0.000000	  0.000000	  0.000000	  0.141299	  0.136301	  0.163424	  0.092775	  0.109621	  0.093935	  0.010010	  0.010437	 18.519112	 18.590066	 18.585489	 18.519112
15:07:09 10-4-2026	301.790447	  0.000000	  0.069236	  0.000000	  0.141299	  0.127260	  0.163806	  0.089479	  0.109499	  0.094362	  0.010620	  0.010437	 18.519112	 18.590066	 18.590066	 18.519112
15:07:10 10-4-2026	307.460293	  0.000000	  0.356533	  0.000000	  0.140932	  0.126955	  0.163424	  0.096315	  0.109499	  0.096620	  0.010315	  0.010315	 18.525978	 18.590066	 18.596933	 18.519112
15:07:11 10-4-2026	312.124841	  0.000000	  0.476835	  0.000000	  0.140322	  0.129549	  0.163806	  0.098512	  0.109987	  0.094850	  0.009033	  0.010437	 18.512245	 18.590066	 18.596933	 18.519112
15:07:12 10-4-2026	320.174303	  0.000000	  0.598511	  0.000000	  0.140505	  0.129549	  0.163806	  0.096132	  0.109499	  0.095827	  0.008728	  0.010437	 18.525978	 18.590066	 18.590066	 18.507668
15:07:13 10-4-2026	337.428307	  0.000000	  0.685579	  0.000000	  0.140627	  0.125162	  0.163920	  0.097230	  0.109499	  0.094545	  0.010132	  0.010437	 18.512245	 18.585489	 18.608377	 18.525978
15:07:14 10-4-2026	351.426065	  0.000000	  0.785830	  0.000000	  0.140322	  0.124857	  0.163806	  0.097902	  0.109804	  0.095827	  0.010010	  0.010437	 18.512245	 18.590066	 18.596933	 18.512245
15:07:15 10-4-2026	364.963004	  0.000000	  0.901738	  0.000000	  0.141299	  0.121996	  0.163729	  0.097597	  0.109804	  0.095155	  0.009522	  0.010315	 18.512245	 18.596933	 18.585489	 18.507668
15:07:16 10-4-2026	382.813401	  0.000000	  0.974798	  0.000000	  0.140139	  0.117533	  0.163806	  0.096620	  0.109621	  0.094728	  0.010437	  0.010437	 18.525978	 18.585489	 18.590066	 18.512245
15:07:17 10-4-2026	402.050255	  0.000000	  1.054176	  0.000000	  0.140017	  0.112764	  0.164530	  0.099001	  0.109804	  0.097719	  0.011597	  0.010132	 18.512245	 18.585489	 18.596933	 18.512245
15:07:18 10-4-2026	461.584620	  0.000000	  1.145638	  0.000000	  0.139834	  0.115816	  0.163729	  0.100587	  0.110292	  0.102174	  0.010437	  0.010803	 18.507668	 18.596933	 18.601511	 18.519112
15:07:19 10-4-2026	429.893736	  0.000000	  1.191507	  0.000000	  0.139040	  0.114824	  0.163310	  0.096620	  0.109621	  0.099306	  0.012512	  0.010803	 18.507668	 18.596933	 18.590066	 18.519112
15:07:20 10-4-2026	442.848713	  0.000000	  1.246439	  0.000000	  0.138247	  0.105707	  0.163806	  0.093568	  0.109621	  0.096437	  0.010925	  0.010132	 18.512245	 18.596933	 18.596933	 18.519112
15:07:21 10-4-2026	466.972767	  0.000000	  1.328838	  0.000000	  0.139040	  0.104219	  0.163920	  0.101991	  0.109804	  0.101991	  0.010315	  0.011231	 18.512245	 18.578622	 18.601511	 18.507668
15:07:22 10-4-2026	484.244793	  0.000000	  1.378003	  0.000000	  0.139712	  0.105211	  0.164302	  0.103944	  0.109804	  0.099489	  0.011231	  0.010620	 18.507668	 18.578622	 18.590066	 18.512245
15:07:23 10-4-2026	529.075685	  0.000000	  1.433210	  0.000000	  0.138735	  0.101320	  0.164302	  0.104555	  0.109804	  0.103151	  0.012024	  0.010437	 18.525978	 18.578622	 18.596933	 18.507668
15:07:24 10-4-2026	522.548626	  0.000000	  1.491163	  0.000000	  0.137942	  0.098459	  0.164111	  0.103273	  0.109804	  0.101564	  0.010925	  0.010620	 18.507668	 18.571756	 18.590066	 18.512245
15:07:25 10-4-2026	535.767863	  0.000000	  1.574661	  0.000000	  0.139345	  0.092775	  0.164225	  0.110292	  0.109804	  0.103578	  0.012024	  0.011231	 18.500801	 18.571756	 18.601511	 18.512245
15:07:26 10-4-2026	550.093206	  0.000000	  1.630692	  0.000000	  0.137942	  0.092775	  0.163500	  0.107240	  0.109987	  0.104067	  0.010315	  0.010315	 18.500801	 18.567178	 18.596933	 18.512245
15:07:27 10-4-2026	561.240847	  0.000000	  1.691392	  0.000000	  0.137331	  0.086137	  0.164111	  0.103456	  0.110109	  0.101686	  0.012390	  0.010925	 18.500801	 18.567178	 18.608377	 18.507668
15:07:28 10-4-2026	634.984133	  0.000000	  1.768572	  0.000000	  0.137148	  0.079271	  0.164034	  0.101076	  0.109621	  0.099794	  0.011902	  0.010315	 18.507668	 18.567178	 18.590066	 18.507668
15:07:29 10-4-2026	590.707143	  0.000000	  1.834491	  0.000000	  0.136172	  0.083734	  0.164111	  0.104250	  0.109804	  0.102174	  0.012818	  0.010620	 18.500801	 18.560311	 18.590066	 18.500801
15:07:30 10-4-2026	603.580895	  0.000000	  1.924581	  0.000000	  0.136049	  0.079881	  0.163920	  0.104372	  0.109804	  0.105531	  0.010437	  0.011414	 18.500801	 18.555734	 18.601511	 18.507668
15:07:31 10-4-2026	613.872129	  0.000000	  1.969625	  0.000000	  0.137331	  0.076104	  0.164225	  0.111391	  0.109987	  0.114748	  0.007446	  0.011231	 18.500801	 18.560311	 18.596933	 18.507668
15:07:32 10-4-2026	628.335085	  0.000000	  2.027579	  0.000000	  0.135866	  0.074388	  0.163920	  0.117250	  0.109987	  0.108827	  0.010132	  0.011902	 18.493935	 18.560311	 18.608377	 18.507668
15:07:33 10-4-2026	639.495566	  0.000000	  2.106957	  0.000000	  0.135866	  0.076600	  0.164111	  0.112490	  0.109804	  0.107912	  0.012207	  0.010620	 18.500801	 18.567178	 18.590066	 18.500801
15:07:34 10-4-2026	659.406600	  0.000000	  2.152001	  0.000000	  0.135256	  0.066567	  0.163920	  0.116030	  0.109804	  0.110109	  0.010132	  0.011719	 18.500801	 18.567178	 18.596933	 18.507668
15:07:35 10-4-2026	674.224726	  0.000000	  2.200067	  0.000000	  0.135744	  0.060082	  0.163920	  0.106447	  0.109804	  0.111086	  0.012024	  0.011109	 18.489357	 18.555734	 18.590066	 18.493935
15:07:36 10-4-2026	746.188608	  0.000000	  2.244288	  0.000000	  0.135866	  0.059091	  0.163615	  0.110414	  0.109987	  0.109804	  0.013184	  0.010437	 18.500801	 18.560311	 18.596933	 18.507668
15:07:37 10-4-2026	702.509275	  0.000000	  2.308559	  0.000000	  0.134768	  0.053445	  0.163615	  0.116640	  0.109804	  0.115541	  0.009339	  0.011597	 18.500801	 18.555734	 18.601511	 18.500801
15:07:38 10-4-2026	715.777343	  0.000000	  2.355251	  0.000000	  0.135256	  0.049058	  0.164034	  0.114076	  0.109987	  0.110109	  0.010010	  0.011414	 18.500801	 18.555734	 18.596933	 18.512245
15:07:39 10-4-2026	737.778696	  0.000000	  2.411008	  0.000000	  0.133486	  0.053063	  0.164111	  0.123659	  0.109987	  0.114565	  0.011109	  0.012024	 18.500801	 18.560311	 18.590066	 18.493935
15:07:40 10-4-2026	766.849848	  0.000000	  2.467588	  0.000000	  0.132509	  0.041123	  0.163920	  0.114565	  0.109804	  0.116823	  0.012818	  0.010925	 18.493935	 18.555734	 18.601511	 18.493935
15:07:41 10-4-2026	787.824953	  0.000000	  2.522521	  0.000000	  0.133486	  0.028992	  0.163920	  0.124575	  0.109621	  0.113283	  0.008423	  0.011414	 18.489357	 18.555734	 18.596933	 18.493935
15:07:42 10-4-2026	804.549729	  0.000000	  2.601898	  0.000000	  0.132204	  0.026207	  0.164302	  0.110414	  0.109987	  0.106630	  0.014099	  0.012207	 18.493935	 18.560311	 18.601511	 18.500801
15:07:43 10-4-2026	819.194547	  0.000000	  2.641999	  0.000000	  0.133303	  0.020066	  0.164302	  0.124575	  0.110292	  0.122683	  0.012390	  0.011597	 18.500801	 18.542000	 18.601511	 18.500801
15:07:44 10-4-2026	809.979761	  0.000000	  2.699953	  0.000000	  0.132204	  0.026703	  0.164225	  0.128542	  0.109804	  0.115053	  0.009522	  0.011719	 18.500801	 18.542000	 18.601511	 18.493935
15:07:45 10-4-2026	803.651794	  0.000000	  2.789218	  0.000000	  0.131594	  0.024529	  0.164111	  0.119692	  0.110109	  0.108522	  0.012696	  0.012024	 18.493935	 18.548867	 18.601511	 18.489357
15:07:46 10-4-2026	861.330152	  0.000000	  2.847996	  0.000000	  0.133486	  0.026131	  0.163920	  0.122499	  0.109804	  0.117128	  0.011231	  0.010315	 18.489357	 18.548867	 18.601511	 18.493935
15:07:47 10-4-2026	784.392165	  0.000000	  2.897435	  0.000000	  0.132204	  0.031281	  0.164530	  0.121401	  0.109804	  0.116823	  0.010620	  0.012390	 18.500801	 18.548867	 18.601511	 18.493935
15:07:48 10-4-2026	787.824953	  0.000000	  2.950170	  0.000000	  0.134096	  0.030785	  0.164034	  0.117128	  0.109804	  0.109987	  0.014405	  0.010437	 18.500801	 18.542000	 18.596933	 18.489357
15:07:49 10-4-2026	793.030845	  0.000000	  3.004553	  0.000000	  0.131289	  0.028725	  0.164530	  0.115358	  0.110292	  0.108034	  0.015259	  0.010803	 18.489357	 18.537423	 18.596933	 18.489357
15:07:50 10-4-2026	795.659676	  0.000000	  3.034766	  0.000000	  0.132509	  0.022049	  0.163920	  0.115053	  0.109987	  0.119203	  0.011902	  0.011414	 18.493935	 18.537423	 18.601511	 18.500801
15:07:51 10-4-2026	861.330152	  0.000000	  3.054816	  0.000000	  0.133181	  0.030098	  0.163920	  0.132876	  0.109987	  0.110597	  0.014771	  0.011231	 18.489357	 18.542000	 18.601511	 18.489357
15:07:52 10-4-2026	795.659676	  0.000000	  3.062507	  0.000000	  0.132998	  0.029221	  0.164111	  0.132876	  0.109804	  0.122866	  0.011597	  0.011414	 18.489357	 18.555734	 18.596933	 18.489357
15:07:53 10-4-2026	801.861923	  0.000000	  3.064155	  0.000000	  0.132876	  0.037156	  0.163920	  0.124575	  0.109987	  0.117739	  0.008423	  0.011719	 18.493935	 18.537423	 18.590066	 18.489357
15:07:54 10-4-2026	803.651794	  0.000000	  3.064155	  0.000000	  0.132998	  0.025635	  0.163729	  0.121706	  0.110109	  0.113954	  0.014405	  0.010925	 18.493935	 18.542000	 18.590066	 18.489357
15:07:55 10-4-2026	813.640686	  0.000000	  3.060584	  0.000000	  0.131289	  0.022927	  0.164034	  0.116457	  0.109804	  0.115846	  0.011109	  0.010437	 18.489357	 18.537423	 18.590066	 18.493935
15:07:56 10-4-2026	827.668974	  0.000000	  3.059760	  0.000000	  0.131899	  0.021248	  0.164111	  0.122499	  0.110292	  0.121706	  0.010010	  0.012024	 18.493935	 18.537423	 18.601511	 18.489357
15:07:57 10-4-2026	829.576045	  0.000000	  3.059760	  0.000000	  0.131411	  0.029984	  0.163500	  0.123293	  0.110109	  0.120790	  0.012696	  0.011414	 18.489357	 18.530556	 18.596933	 18.493935
15:07:58 10-4-2026	835.350356	  0.000000	  3.069099	  0.000000	  0.132082	  0.016098	  0.163806	  0.125063	  0.109987	  0.123659	  0.014282	  0.010925	 18.489357	 18.537423	 18.596933	 18.477913
15:07:59 10-4-2026	857.228580	  0.000000	  3.076240	  0.000000	  0.131289	  0.009537	  0.163310	  0.118410	  0.109987	  0.129213	  0.009216	  0.011902	 18.493935	 18.537423	 18.601511	 18.477913
15:08:00 10-4-2026	884.609345	  0.000000	  3.091896	  0.000000	  0.130617	  0.015602	  0.163920	  0.129702	  0.110109	  0.121889	  0.017151	  0.012024	 18.482490	 18.525978	 18.590066	 18.471046
15:08:01 10-4-2026	919.632193	  0.000000	  3.118263	  0.000000	  0.130129	  0.003090	  0.164034	  0.113649	  0.109987	  0.123781	  0.016968	  0.011109	 18.489357	 18.530556	 18.596933	 18.471046
15:08:02 10-4-2026	916.122147	  0.000000	  3.142708	  0.000000	  0.129030	 -0.005875	  0.163920	  0.133486	  0.109987	  0.129519	  0.010315	  0.012818	 18.482490	 18.530556	 18.596933	 18.482490
15:08:03 10-4-2026	927.927844	  0.000000	  3.175668	  0.000000	  0.130312	 -0.024758	  0.164111	  0.128908	  0.109987	  0.115541	  0.015564	  0.012390	 18.489357	 18.530556	 18.601511	 18.477913
15:08:04 10-4-2026	1033.101875	  0.000000	  3.219889	  0.000000	  0.129824	 -0.018997	  0.164797	  0.143496	  0.110109	  0.128542	  0.016480	  0.011109	 18.493935	 18.530556	 18.601511	 18.482490
15:08:05 10-4-2026	956.270926	  0.000000	  3.266581	  0.000000	  0.130312	 -0.016480	  0.164302	  0.131411	  0.110292	  0.134585	  0.008423	  0.013977	 18.489357	 18.525978	 18.596933	 18.477913
15:08:06 10-4-2026	1055.824057	  0.000000	  3.314372	  0.000000	  0.127443	 -0.024643	  0.164607	  0.123964	  0.110109	  0.136172	  0.011231	  0.013794	 18.482490	 18.542000	 18.601511	 18.477913
15:08:07 10-4-2026	997.329650	  0.000000	  3.377270	  0.000000	  0.128115	 -0.030785	  0.164034	  0.129030	  0.110292	  0.137148	  0.013794	  0.011719	 18.493935	 18.525978	 18.596933	 18.477913
15:08:08 10-4-2026	1012.759504	  0.000000	  3.429456	  0.000000	  0.125673	 -0.053368	  0.164721	  0.132876	  0.110109	  0.126833	  0.012512	  0.012024	 18.493935	 18.530556	 18.596933	 18.471046
15:08:09 10-4-2026	1011.337089	  0.000000	  3.489607	  0.000000	  0.127443	 -0.035859	  0.163920	  0.143496	  0.109804	  0.128542	  0.019654	  0.010620	 18.482490	 18.519112	 18.601511	 18.482490
15:08:10 10-4-2026	1011.337089	  0.000000	  3.572555	  0.000000	  0.125246	 -0.040627	  0.163729	  0.120607	  0.110109	  0.130312	  0.016968	  0.011902	 18.489357	 18.519112	 18.608377	 18.482490
15:08:11 10-4-2026	1012.759504	  0.000000	  3.619797	  0.000000	  0.127749	 -0.040627	  0.164034	  0.128542	  0.109987	  0.122988	  0.010925	  0.013184	 18.493935	 18.525978	 18.601511	 18.471046
15:08:12 10-4-2026	1012.759504	  0.000000	  3.673356	  0.000000	  0.126040	 -0.045014	  0.164111	  0.158755	  0.110109	  0.137942	  0.011109	  0.013611	 18.500801	 18.525978	 18.601511	 18.477913
15:08:13 10-4-2026	1012.759504	  0.000000	  3.737078	  0.000000	  0.126833	 -0.047379	  0.163729	  0.127321	  0.109987	  0.134279	  0.010925	  0.013001	 18.489357	 18.512245	 18.601511	 18.477913
15:08:14 10-4-2026	1011.337089	  0.000000	  3.778003	  0.000000	  0.127932	 -0.044823	  0.165103	  0.133181	  0.110109	  0.137331	  0.011719	  0.012390	 18.493935	 18.525978	 18.596933	 18.477913
15:08:15 10-4-2026	1011.337089	  0.000000	  3.814258	  0.000000	  0.127932	 -0.033570	  0.163806	  0.136660	  0.110109	  0.132998	  0.009033	  0.013794	 18.489357	 18.525978	 18.601511	 18.477913
15:08:16 10-4-2026	1012.759504	  0.000000	  3.846668	  0.000000	  0.126040	 -0.044518	  0.164797	  0.146181	  0.110109	  0.135866	  0.009033	  0.012390	 18.489357	 18.525978	 18.601511	 18.471046
15:08:17 10-4-2026	1048.139748	  0.000000	  3.868641	  0.000000	  0.126345	 -0.033875	  0.163615	  0.135073	  0.109804	  0.125368	  0.016846	  0.011414	 18.489357	 18.519112	 18.601511	 18.477913
15:08:18 10-4-2026	1011.337089	  0.000000	  3.881001	  0.000000	  0.127138	 -0.047684	  0.164607	  0.140017	  0.109987	  0.129519	  0.010803	  0.014771	 18.489357	 18.525978	 18.596933	 18.471046
15:08:19 10-4-2026	1014.185926	  0.000000	  3.891713	  0.000000	  0.128725	 -0.053750	  0.164225	  0.157351	  0.110292	  0.140627	  0.012512	  0.011719	 18.500801	 18.530556	 18.596933	 18.489357
15:08:20 10-4-2026	1012.759504	  0.000000	  3.895833	  0.000000	  0.126345	 -0.040322	  0.164111	  0.149355	  0.110292	  0.135744	  0.010315	  0.012390	 18.489357	 18.519112	 18.596933	 18.477913
15:08:21 10-4-2026	1012.759504	  0.000000	  3.896657	  0.000000	  0.125551	 -0.035477	  0.163729	  0.157656	  0.110292	  0.131289	  0.009644	  0.012390	 18.482490	 18.512245	 18.601511	 18.471046
15:08:22 10-4-2026	1011.337089	  0.000000	  3.896657	  0.000000	  0.125673	 -0.047379	  0.164111	  0.148135	  0.110292	  0.130617	  0.009827	  0.010925	 18.493935	 18.519112	 18.596933	 18.471046
15:08:23 10-4-2026	1012.759504	  0.000000	  3.897206	  0.000000	  0.126650	 -0.043221	  0.163806	  0.137758	  0.109987	  0.135744	  0.008423	  0.013184	 18.493935	 18.525978	 18.608377	 18.471046
15:08:24 10-4-2026	1111.222233	  0.000000	  3.893635	  0.000000	  0.126833	 -0.044099	  0.164416	  0.149233	  0.110109	  0.128420	  0.015381	  0.011231	 18.489357	 18.525978	 18.601511	 18.489357
15:08:25 10-4-2026	1014.185926	  0.000000	  3.893086	  0.000000	  0.126955	 -0.039635	  0.163310	  0.139223	  0.109987	  0.137453	  0.011719	  0.012512	 18.489357	 18.525978	 18.596933	 18.471046
15:08:26 10-4-2026	1009.918664	  0.000000	  3.896657	  0.000000	  0.126955	 -0.037652	  0.163920	  0.149355	  0.110292	  0.132509	  0.015686	  0.012696	 18.493935	 18.525978	 18.601511	 18.477913
15:08:27 10-4-2026	1012.759504	  0.000000	  3.897206	  0.000000	  0.128725	 -0.027504	  0.164225	  0.136965	  0.110109	  0.135866	  0.014771	  0.013001	 18.482490	 18.519112	 18.601511	 18.477913
15:08:28 10-4-2026	1012.759504	  0.000000	  3.901051	  0.000000	  0.127138	 -0.033684	  0.164530	  0.144961	  0.110109	  0.137758	  0.009339	  0.012512	 18.489357	 18.519112	 18.608377	 18.477913
15:08:29 10-4-2026	1012.759504	  0.000000	  3.901601	  0.000000	  0.126467	 -0.041123	  0.163729	  0.145266	  0.109987	  0.131594	  0.013001	  0.011597	 18.493935	 18.530556	 18.596933	 18.459602
15:08:30 10-4-2026	1011.337089	  0.000000	  3.901601	  0.000000	  0.125551	 -0.034371	  0.164225	  0.121401	  0.109987	  0.139223	  0.013611	  0.012024	 18.489357	 18.525978	 18.601511	 18.477913
15:08:31 10-4-2026	1011.337089	  0.000000	  3.901601	  0.000000	  0.126833	 -0.035286	  0.163615	  0.136965	  0.109987	  0.137453	  0.018860	  0.011719	 18.489357	 18.519112	 18.608377	 18.477913
15:08:32 10-4-2026	1021.378734	  0.000000	  3.901601	  0.000000	  0.125063	 -0.036278	  0.164797	  0.138735	  0.109987	  0.130129	  0.015076	  0.010315	 18.482490	 18.519112	 18.601511	 18.471046
15:08:33 10-4-2026	1014.185926	  0.000000	  3.902425	  0.000000	  0.127932	 -0.041733	  0.164111	  0.144594	  0.109987	  0.126162	  0.013611	  0.012024	 18.489357	 18.519112	 18.596933	 18.464179
15:08:34 10-4-2026	1011.337089	  0.000000	  3.901601	  0.000000	  0.128725	 -0.030594	  0.163806	  0.151431	  0.109987	  0.136660	  0.016968	  0.011231	 18.512245	 18.519112	 18.601511	 18.471046
15:08:35 10-4-2026	1012.759504	  0.000000	  3.901601	  0.000000	  0.126650	 -0.044099	  0.164225	  0.130617	  0.109804	  0.127749	  0.017762	  0.011719	 18.489357	 18.519112	 18.601511	 18.464179
15:08:36 10-4-2026	1012.759504	  0.000000	  3.901601	  0.000000	  0.125246	 -0.041543	  0.163729	  0.148928	  0.110109	  0.132204	  0.012024	  0.010803	 18.507668	 18.525978	 18.596933	 18.471046
15:08:37 10-4-2026	1009.918664	  0.000000	  3.902425	  0.000000	  0.127443	 -0.050164	  0.164111	  0.143679	  0.110109	  0.126467	  0.014405	  0.012512	 18.489357	 18.519112	 18.601511	 18.477913
15:08:38 10-4-2026	1012.759504	  0.000000	  3.902425	  0.000000	  0.127932	 -0.046197	  0.163920	  0.135378	  0.110109	  0.136660	  0.009339	  0.012696	 18.493935	 18.519112	 18.596933	 18.471046
15:08:39 10-4-2026	1086.081459	  0.000000	  3.902425	  0.000000	  0.126040	 -0.043336	  0.164302	  0.134463	  0.110109	  0.138430	  0.016846	  0.012512	 18.489357	 18.525978	 18.608377	 18.477913
15:08:40 10-4-2026	1011.337089	  0.000000	  3.901601	  0.000000	  0.127138	 -0.043107	  0.163920	  0.132387	  0.109987	  0.124880	  0.012512	  0.013184	 18.489357	 18.519112	 18.596933	 18.477913
15:08:41 10-4-2026	1011.337089	  0.000000	  3.901601	  0.000000	  0.127443	 -0.046082	  0.164034	  0.127443	  0.110109	  0.124880	  0.018067	  0.012207	 18.477913	 18.519112	 18.601511	 18.482490
15:08:42 10-4-2026	1011.337089	  0.000000	  3.901601	  0.000000	  0.126467	 -0.034867	  0.163920	  0.142092	  0.109621	  0.128725	  0.012390	  0.013184	 18.482490	 18.519112	 18.601511	 18.471046
15:08:43 10-4-2026	1011.337089	  0.000000	  3.901601	  0.000000	  0.126955	 -0.034981	  0.164111	  0.134279	  0.110109	  0.128237	  0.010803	  0.012207	 18.493935	 18.530556	 18.601511	 18.471046
15:08:44 10-4-2026	1012.759504	  0.000000	  3.898030	  0.000000	  0.125551	 -0.044823	  0.164302	  0.144778	  0.110109	  0.130495	  0.012696	  0.012207	 18.489357	 18.525978	 18.615244	 18.482490
15:08:45 10-4-2026	1011.337089	  0.000000	  3.897206	  0.000000	  0.128115	 -0.050088	  0.164721	  0.134951	  0.110109	  0.142397	  0.011902	  0.011719	 18.482490	 18.530556	 18.608377	 18.482490
15:08:46 10-4-2026	1012.759504	  0.000000	  3.897206	  0.000000	  0.126040	 -0.040932	  0.163806	  0.132876	  0.109987	  0.129702	  0.013611	  0.012696	 18.493935	 18.519112	 18.601511	 18.477913
15:08:47 10-4-2026	1011.337089	  0.000000	  3.897206	  0.000000	  0.127443	 -0.039940	  0.164530	  0.135744	  0.110109	  0.130312	  0.015686	  0.011597	 18.493935	 18.519112	 18.608377	 18.482490
15:08:48 10-4-2026	1012.759504	  0.000000	  3.896657	  0.000000	  0.126345	 -0.043526	  0.163806	  0.113466	  0.110292	  0.126833	  0.014893	  0.012207	 18.493935	 18.519112	 18.596933	 18.477913
15:08:49 10-4-2026	1012.759504	  0.000000	  3.897206	  0.000000	  0.126955	 -0.055238	  0.164530	  0.138430	  0.110109	  0.140017	  0.011231	  0.012696	 18.493935	 18.519112	 18.601511	 18.482490
15:08:50 10-4-2026	1011.337089	  0.000000	  3.898030	  0.000000	  0.127932	 -0.048295	  0.164034	  0.151797	  0.110292	  0.128908	  0.013489	  0.011719	 18.489357	 18.519112	 18.601511	 18.477913
15:08:51 10-4-2026	1011.337089	  0.000000	  3.901051	  0.000000	  0.128542	 -0.039826	  0.164530	  0.153811	  0.110109	  0.127932	  0.018860	  0.011902	 18.489357	 18.525978	 18.601511	 18.477913
15:08:52 10-4-2026	1011.337089	  0.000000	  3.901601	  0.000000	  0.126040	 -0.029221	  0.163729	  0.138552	  0.109804	  0.125246	  0.013306	  0.011109	 18.493935	 18.525978	 18.608377	 18.471046
15:08:53 10-4-2026	1011.337089	  0.000000	  3.901601	  0.000000	  0.125856	 -0.045701	  0.164416	  0.144167	  0.110292	  0.142092	  0.012696	  0.013611	 18.493935	 18.519112	 18.608377	 18.477913
15:08:54 10-4-2026	1058.929422	  0.000000	  3.905171	  0.000000	  0.127749	 -0.044823	  0.164111	  0.132998	  0.110292	  0.118715	  0.020447	  0.011231	 18.493935	 18.525978	 18.601511	 18.471046
15:08:55 10-4-2026	1009.918664	  0.000000	  3.906545	  0.000000	  0.127749	 -0.048867	  0.164302	  0.130495	  0.109987	  0.138430	  0.014893	  0.012696	 18.493935	 18.542000	 18.608377	 18.477913
15:08:56 10-4-2026	1011.337089	  0.000000	  3.905995	  0.000000	  0.128420	 -0.045586	  0.163233	  0.138552	  0.110109	  0.130007	  0.013977	  0.012390	 18.493935	 18.525978	 18.596933	 18.482490
15:08:57 10-4-2026	1012.759504	  0.000000	  3.905995	  0.000000	  0.126040	 -0.045319	  0.164912	  0.140139	  0.109987	  0.124575	  0.018433	  0.011597	 18.493935	 18.525978	 18.596933	 18.471046
15:08:58 10-4-2026	1011.337089	  0.000000	  3.905995	  0.000000	  0.126345	 -0.042420	  0.164111	  0.145571	  0.110109	  0.135256	  0.015076	  0.012512	 18.482490	 18.519112	 18.596933	 18.482490
15:08:59 10-4-2026	1012.759504	  0.000000	  3.906545	  0.000000	  0.125551	 -0.046082	  0.164416	  0.134951	  0.110414	  0.134096	  0.014405	  0.012024	 18.493935	 18.525978	 18.608377	 18.477913
15:09:00 10-4-2026	1012.759504	  0.000000	  3.906545	  0.000000	  0.126833	 -0.052949	  0.164225	  0.143679	  0.110109	  0.132387	  0.013184	  0.012696	 18.482490	 18.519112	 18.596933	 18.477913
15:09:01 10-4-2026	1128.639510	  0.000000	  3.906545	  0.000000	  0.126955	 -0.053368	  0.164416	  0.150332	  0.110292	  0.133974	  0.013306	  0.012207	 18.493935	 18.525978	 18.601511	 18.482490
15:09:02 10-4-2026	1015.616371	  0.000000	  3.902425	  0.000000	  0.125673	 -0.038338	  0.164302	  0.133181	  0.110292	  0.133181	  0.017273	  0.012024	 18.493935	 18.525978	 18.608377	 18.477913
15:09:03 10-4-2026	1011.337089	  0.000000	  3.901601	  0.000000	  0.124880	 -0.036545	  0.164530	  0.139712	  0.110292	  0.133486	  0.010132	  0.011902	 18.493935	 18.525978	 18.596933	 18.493935
15:09:04 10-4-2026	1012.759504	  0.000000	  3.901051	  0.000000	  0.126467	 -0.039254	  0.164034	  0.137148	  0.110109	  0.134951	  0.013794	  0.012696	 18.500801	 18.519112	 18.601511	 18.477913
15:09:05 10-4-2026	1012.759504	  0.000000	  3.901601	  0.000000	  0.127443	 -0.039139	  0.164302	  0.129213	  0.110597	  0.137331	  0.010437	  0.013306	 18.489357	 18.519112	 18.601511	 18.482490
15:09:06 10-4-2026	1011.337089	  0.000000	  3.901601	  0.000000	  0.129702	 -0.038949	  0.164416	  0.143374	  0.110292	  0.135744	  0.015259	  0.013489	 18.493935	 18.519112	 18.601511	 18.482490
15:09:07 10-4-2026	1011.337089	  0.000000	  3.902425	  0.000000	  0.125551	 -0.044213	  0.163920	  0.147951	  0.110292	  0.135378	  0.015076	  0.011719	 18.489357	 18.530556	 18.601511	 18.489357
15:09:08 10-4-2026	1011.337089	  0.000000	  3.898030	  0.000000	  0.129824	 -0.045701	  0.163615	  0.157961	  0.110292	  0.139528	  0.014588	  0.012024	 18.489357	 18.519112	 18.601511	 18.489357
15:09:09 10-4-2026	1039.064945	  0.000000	  3.897206	  0.000000	  0.129335	 -0.043717	  0.164721	  0.150515	  0.110109	  0.133486	  0.009033	  0.013611	 18.493935	 18.525978	 18.608377	 18.477913
15:09:10 10-4-2026	1011.337089	  0.000000	  3.897206	  0.000000	  0.126162	 -0.039330	  0.164530	  0.125551	  0.110414	  0.142702	  0.006653	  0.012696	 18.493935	 18.519112	 18.601511	 18.477913
15:09:11 10-4-2026	1014.185926	  0.000000	  3.896657	  0.000000	  0.125551	 -0.051881	  0.164302	  0.133791	  0.110292	  0.131899	  0.013611	  0.011719	 18.500801	 18.519112	 18.596933	 18.477913
15:09:12 10-4-2026	1012.759504	  0.000000	  3.897206	  0.000000	  0.126833	 -0.038834	  0.163806	  0.131899	  0.110292	  0.131411	  0.015259	  0.011414	 18.493935	 18.512245	 18.608377	 18.489357
15:09:13 10-4-2026	1011.337089	  0.000000	  3.897206	  0.000000	  0.127626	 -0.042115	  0.164721	  0.140322	  0.110109	  0.133974	  0.011231	  0.012390	 18.493935	 18.519112	 18.608377	 18.489357
15:09:14 10-4-2026	1011.337089	  0.000000	  3.896657	  0.000000	  0.128542	 -0.055047	  0.164416	  0.131411	  0.110292	  0.123781	  0.016846	  0.012696	 18.493935	 18.525978	 18.619821	 18.477913
15:09:15 10-4-2026	1011.337089	  0.000000	  3.897206	  0.000000	  0.126833	 -0.037575	  0.164530	  0.161440	  0.110292	  0.143496	  0.010132	  0.010925	 18.500801	 18.530556	 18.601511	 18.482490
15:09:16 10-4-2026	1104.404919	  0.000000	  3.897206	  0.000000	  0.124758	 -0.032197	  0.164225	  0.119509	  0.110109	  0.128237	  0.015076	  0.012024	 18.493935	 18.530556	 18.626688	 18.482490
15:09:17 10-4-2026	1012.759504	  0.000000	  3.901051	  0.000000	  0.127321	 -0.035477	  0.164721	  0.123659	  0.110292	  0.130800	  0.011109	  0.012207	 18.493935	 18.519112	 18.596933	 18.482490
15:09:18 10-4-2026	1009.918664	  0.000000	  3.901601	  0.000000	  0.126040	 -0.040246	  0.164302	  0.145388	  0.110292	  0.133974	  0.017151	  0.011902	 18.493935	 18.530556	 18.601511	 18.482490
15:09:19 10-4-2026	1012.759504	  0.000000	  3.901601	  0.000000	  0.125063	 -0.033570	  0.164225	  0.153506	  0.110414	  0.128725	  0.015564	  0.013794	 18.493935	 18.537423	 18.608377	 18.477913
15:09:20 10-4-2026	1011.337089	  0.000000	  3.901601	  0.000000	  0.125856	 -0.036965	  0.164530	  0.124086	  0.110292	  0.134951	  0.013184	  0.011231	 18.493935	 18.525978	 18.601511	 18.482490
15:09:21 10-4-2026	1012.759504	  0.000000	  3.901601	  0.000000	  0.129702	 -0.046387	  0.164912	  0.142092	  0.110292	  0.132998	  0.012818	  0.011719	 18.500801	 18.530556	 18.615244	 18.477913
15:09:22 10-4-2026	1012.759504	  0.000000	  3.901601	  0.000000	  0.125063	 -0.038148	  0.164034	  0.146365	  0.110292	  0.132082	  0.014405	  0.011231	 18.493935	 18.525978	 18.608377	 18.482490
15:09:23 10-4-2026	1012.759504	  0.000000	  3.901601	  0.000000	  0.127443	 -0.050660	  0.164416	  0.151614	  0.110109	  0.135378	  0.011109	  0.012696	 18.507668	 18.525978	 18.601511	 18.471046
15:09:24 10-4-2026	1017.050858	  0.000000	  3.901601	  0.000000	  0.127749	 -0.030098	  0.163920	  0.166384	  0.110414	  0.130800	  0.015259	  0.012512	 18.489357	 18.519112	 18.596933	 18.471046
15:09:25 10-4-2026	1009.918664	  0.000000	  3.901601	  0.000000	  0.126345	 -0.034867	  0.164225	  0.131106	  0.110292	  0.128420	  0.012512	  0.013184	 18.500801	 18.525978	 18.601511	 18.477913
15:09:26 10-4-2026	1015.616371	  0.000000	  3.901601	  0.000000	  0.126833	 -0.054437	  0.164034	  0.140139	  0.110292	  0.137758	  0.007752	  0.012818	 18.500801	 18.525978	 18.601511	 18.489357
15:09:27 10-4-2026	1011.337089	  0.000000	  3.901601	  0.000000	  0.127626	 -0.033684	  0.164034	  0.140017	  0.110109	  0.137636	  0.009644	  0.014282	 18.507668	 18.530556	 18.601511	 18.482490
15:09:28 10-4-2026	1011.337089	  0.000000	  3.905171	  0.000000	  0.126040	 -0.030785	  0.164416	  0.132509	  0.110292	  0.135866	  0.013184	  0.013184	 18.500801	 18.525978	 18.601511	 18.477913
15:09:29 10-4-2026	1009.918664	  0.000000	  3.902425	  0.000000	  0.127321	 -0.041924	  0.164530	  0.160220	  0.110109	  0.143984	  0.013001	  0.012207	 18.493935	 18.548867	 18.601511	 18.482490
15:09:30 10-4-2026	1012.759504	  0.000000	  3.901601	  0.000000	  0.127443	 -0.039826	  0.164912	  0.134096	  0.110109	  0.138125	  0.012696	  0.012696	 18.500801	 18.525978	 18.608377	 18.482490
15:09:31 10-4-2026	1077.952107	  0.000000	  3.901601	  0.000000	  0.126040	 -0.043221	  0.164302	  0.147951	  0.110292	  0.127138	  0.012512	  0.012512	 18.500801	 18.537423	 18.601511	 18.489357
15:09:32 10-4-2026	1011.337089	  0.000000	  3.901601	  0.000000	  0.123171	 -0.046693	  0.165103	  0.149355	  0.110292	  0.130007	  0.020447	  0.011719	 18.500801	 18.530556	 18.608377	 18.482490
15:09:33 10-4-2026	1011.337089	  0.000000	  3.901601	  0.000000	  0.127626	 -0.049783	  0.164034	  0.153994	  0.110109	  0.135378	  0.014771	  0.012512	 18.507668	 18.525978	 18.608377	 18.482490
15:09:34 10-4-2026	1014.185926	  0.000000	  3.898030	  0.000000	  0.125673	 -0.040436	  0.165103	  0.138125	  0.110109	  0.125856	  0.017639	  0.010620	 18.507668	 18.530556	 18.608377	 18.477913
15:09:35 10-4-2026	1011.337089	  0.000000	  3.897206	  0.000000	  0.128420	 -0.042039	  0.163729	  0.131716	  0.110292	  0.122866	  0.015564	  0.012696	 18.507668	 18.525978	 18.601511	 18.482490
15:09:36 10-4-2026	1012.759504	  0.000000	  3.896657	  0.000000	  0.126345	 -0.034562	  0.164416	  0.152102	  0.110292	  0.148135	  0.010803	  0.012512	 18.500801	 18.525978	 18.601511	 18.482490
15:09:37 10-4-2026	1011.337089	  0.000000	  3.897206	  0.000000	  0.128115	 -0.039063	  0.164607	  0.136049	  0.110292	  0.137758	  0.012512	  0.010925	 18.507668	 18.525978	 18.596933	 18.482490
15:09:38 10-4-2026	1012.759504	  0.000000	  3.892262	  0.000000	  0.127443	 -0.031586	  0.164797	  0.145571	  0.110109	  0.135073	  0.015564	  0.013306	 18.500801	 18.537423	 18.601511	 18.489357
15:09:39 10-4-2026	1011.337089	  0.000000	  3.892262	  0.000000	  0.125856	 -0.051766	  0.164034	  0.144167	  0.110414	  0.135256	  0.015259	  0.012390	 18.500801	 18.530556	 18.608377	 18.489357
15:09:40 10-4-2026	1011.337089	  0.000000	  3.892262	  0.000000	  0.126040	 -0.061913	  0.164416	  0.122988	  0.110780	  0.128725	  0.015869	  0.012024	 18.500801	 18.530556	 18.596933	 18.489357
15:09:41 10-4-2026	1011.337089	  0.000000	  3.891713	  0.000000	  0.125063	 -0.054437	  0.164607	  0.151003	  0.110414	  0.136538	  0.011719	  0.013184	 18.507668	 18.525978	 18.608377	 18.489357
15:09:42 10-4-2026	1012.759504	  0.000000	  3.892262	  0.000000	  0.124758	 -0.050088	  0.164797	  0.126040	  0.110292	  0.127626	  0.008728	  0.011902	 18.507668	 18.525978	 18.608377	 18.493935
15:09:43 10-4-2026	1012.759504	  0.000000	  3.892262	  0.000000	  0.125063	 -0.047189	  0.164302	  0.145388	  0.110414	  0.130922	  0.017945	  0.010132	 18.507668	 18.530556	 18.601511	 18.489357
15:09:44 10-4-2026	1014.185926	  0.000000	  3.893086	  0.000000	  0.131594	 -0.053445	  0.164225	  0.147951	  0.110292	  0.126650	  0.013977	  0.012207	 18.500801	 18.530556	 18.601511	 18.489357
15:09:45 10-4-2026	1009.918664	  0.000000	  3.896657	  0.000000	  0.126162	 -0.039063	  0.164607	  0.134585	  0.110414	  0.134768	  0.014771	  0.012390	 18.512245	 18.530556	 18.608377	 18.493935
15:09:46 10-4-2026	1052.736853	  0.000000	  3.896657	  0.000000	  0.127626	 -0.039139	  0.164034	  0.139834	  0.110414	  0.124269	  0.012390	  0.013611	 18.500801	 18.530556	 18.615244	 18.482490
15:09:47 10-4-2026	1011.337089	  0.000000	  3.901051	  0.000000	  0.122866	 -0.038567	  0.164607	  0.120607	  0.110292	  0.145266	  0.010437	  0.011231	 18.507668	 18.537423	 18.601511	 18.482490
15:09:48 10-4-2026	1011.337089	  0.000000	  3.901051	  0.000000	  0.126955	 -0.045396	  0.164111	  0.132998	  0.110292	  0.135378	  0.017151	  0.011902	 18.512245	 18.530556	 18.601511	 18.482490
15:09:49 10-4-2026	1009.918664	  0.000000	  3.901601	  0.000000	  0.125673	 -0.037270	  0.162623	  0.145876	  0.110292	  0.134096	  0.014099	  0.011902	 18.507668	 18.525978	 18.601511	 18.477913
15:09:50 10-4-2026	1011.337089	  0.000000	  3.901601	  0.000000	  0.126467	 -0.034180	  0.164530	  0.151125	  0.110414	  0.133791	  0.010803	  0.013489	 18.512245	 18.530556	 18.608377	 18.482490
15:09:51 10-4-2026	1011.337089	  0.000000	  3.901051	  0.000000	  0.125551	 -0.041314	  0.164416	  0.133974	  0.110292	  0.138430	  0.013977	  0.012024	 18.507668	 18.530556	 18.601511	 18.482490
15:09:52 10-4-2026	1012.759504	  0.000000	  3.902425	  0.000000	  0.128115	 -0.048371	  0.164607	  0.153811	  0.110414	  0.135378	  0.012390	  0.012024	 18.507668	 18.530556	 18.601511	 18.482490
15:09:53 10-4-2026	1114.662550	  0.000000	  3.901051	  0.000000	  0.126162	 -0.043107	  0.165103	  0.145388	  0.110292	  0.128908	  0.011902	  0.012696	 18.512245	 18.525978	 18.601511	 18.489357
15:09:54 10-4-2026	1008.504212	  0.000000	  3.898030	  0.000000	  0.129702	 -0.039139	  0.165408	  0.142885	  0.110292	  0.140505	  0.010132	  0.013306	 18.512245	 18.537423	 18.601511	 18.493935
15:09:55 10-4-2026	1012.759504	  0.000000	  3.897206	  0.000000	  0.125368	 -0.031205	  0.164416	  0.133974	  0.110292	  0.138247	  0.016846	  0.011597	 18.512245	 18.537423	 18.608377	 18.482490
15:09:56 10-4-2026	1011.337089	  0.000000	  3.897206	  0.000000	  0.125063	 -0.043030	  0.164111	  0.141909	  0.110292	  0.142397	  0.011902	  0.010925	 18.512245	 18.537423	 18.608377	 18.500801
15:09:57 10-4-2026	1011.337089	  0.000000	  3.896657	  0.000000	  0.126955	 -0.046693	  0.164225	  0.131594	  0.110597	  0.133181	  0.009033	  0.013306	 18.512245	 18.537423	 18.601511	 18.489357
15:09:58 10-4-2026	1011.337089	  0.000000	  3.893086	  0.000000	  0.128237	 -0.044213	  0.165408	  0.138735	  0.110109	  0.123781	  0.015564	  0.012207	 18.512245	 18.542000	 18.601511	 18.477913
15:09:59 10-4-2026	1011.337089	  0.000000	  3.892262	  0.000000	  0.127321	 -0.048791	  0.164797	  0.135561	  0.110109	  0.129702	  0.010925	  0.012207	 18.507668	 18.542000	 18.615244	 18.482490
15:10:00 10-4-2026	1011.337089	  0.000000	  3.892262	  0.000000	  0.126040	 -0.049859	  0.164034	  0.152407	  0.110414	  0.130922	  0.016480	  0.011719	 18.507668	 18.537423	 18.615244	 18.493935
15:10:01 10-4-2026	1027.206858	  0.000000	  3.892262	  0.000000	  0.126650	 -0.035668	  0.164530	  0.138247	  0.110292	  0.129519	  0.009339	  0.013489	 18.507668	 18.537423	 18.608377	 18.489357
15:10:02 10-4-2026	1011.337089	  0.000000	  3.892262	  0.000000	  0.125856	 -0.043107	  0.164302	  0.142092	  0.110292	  0.129213	  0.012390	  0.010315	 18.512245	 18.542000	 18.601511	 18.489357
15:10:03 10-4-2026	1011.337089	  0.000000	  3.892262	  0.000000	  0.124880	 -0.054551	  0.164530	  0.140810	  0.110414	  0.131289	  0.017151	  0.012207	 18.519112	 18.542000	 18.601511	 18.489357
15:10:04 10-4-2026	1012.759504	  0.000000	  3.891713	  0.000000	  0.126955	 -0.040436	  0.164225	  0.150515	  0.110597	  0.132509	  0.010010	  0.012390	 18.519112	 18.530556	 18.601511	 18.489357
15:10:05 10-4-2026	1012.759504	  0.000000	  3.895833	  0.000000	  0.124453	 -0.045396	  0.164225	  0.125368	  0.110597	  0.128115	  0.013306	  0.012390	 18.519112	 18.542000	 18.596933	 18.493935
15:10:06 10-4-2026	1012.759504	  0.000000	  3.897206	  0.000000	  0.126955	 -0.054055	  0.164034	  0.146975	  0.110414	  0.134585	  0.007935	  0.012390	 18.519112	 18.537423	 18.601511	 18.489357
15:10:07 10-4-2026	1012.759504	  0.000000	  3.901051	  0.000000	  0.126162	 -0.031205	  0.164607	  0.135378	  0.110414	  0.125063	  0.013489	  0.011414	 18.507668	 18.537423	 18.615244	 18.493935
15:10:08 10-4-2026	1091.018193	  0.000000	  3.902974	  0.000000	  0.127749	 -0.044900	  0.164607	  0.158938	  0.110597	  0.132998	  0.011414	  0.013001	 18.519112	 18.542000	 18.608377	 18.489357
15:10:09 10-4-2026	1012.759504	  0.000000	  3.905995	  0.000000	  0.124086	 -0.039826	  0.165217	  0.136355	  0.110414	  0.143374	  0.011719	  0.014405	 18.519112	 18.542000	 18.608377	 18.507668
15:10:10 10-4-2026	1012.759504	  0.000000	  3.905995	  0.000000	  0.125856	 -0.034867	  0.163920	  0.142214	  0.110597	  0.132509	  0.011597	  0.011109	 18.507668	 18.530556	 18.608377	 18.489357
15:10:11 10-4-2026	1011.337089	  0.000000	  3.906545	  0.000000	  0.133486	 -0.043107	  0.164530	  0.136049	  0.110780	  0.142397	  0.015076	  0.012024	 18.507668	 18.542000	 18.608377	 18.512245
15:10:12 10-4-2026	1012.759504	  0.000000	  3.905995	  0.000000	  0.127321	 -0.048180	  0.164607	  0.115663	  0.110292	  0.125246	  0.012696	  0.011719	 18.519112	 18.542000	 18.615244	 18.493935
15:10:13 10-4-2026	1015.616371	  0.000000	  3.902425	  0.000000	  0.126955	 -0.047875	  0.164797	  0.131899	  0.110292	  0.141299	  0.013184	  0.011902	 18.500801	 18.542000	 18.615244	 18.493935
15:10:14 10-4-2026	1011.337089	  0.000000	  3.900227	  0.000000	  0.125856	 -0.037652	  0.164111	  0.132998	  0.110780	  0.134585	  0.010315	  0.012390	 18.512245	 18.537423	 18.619821	 18.493935
15:10:15 10-4-2026	1011.337089	  0.000000	  3.898030	  0.000000	  0.127138	 -0.032082	  0.164797	  0.140627	  0.110414	  0.132509	  0.017151	  0.012390	 18.519112	 18.555734	 18.601511	 18.493935
15:10:16 10-4-2026	1014.185926	  0.000000	  3.897206	  0.000000	  0.126650	 -0.031777	  0.163729	  0.143496	  0.110292	  0.126345	  0.012696	  0.013306	 18.512245	 18.530556	 18.608377	 18.500801
15:10:17 10-4-2026	1012.759504	  0.000000	  3.897206	  0.000000	  0.126955	 -0.033875	  0.165103	  0.141299	  0.110414	  0.129519	  0.012696	  0.011597	 18.519112	 18.548867	 18.601511	 18.493935
15:10:18 10-4-2026	1014.185926	  0.000000	  3.896657	  0.000000	  0.127321	 -0.038071	  0.164302	  0.158267	  0.110292	  0.131289	  0.015564	  0.010925	 18.512245	 18.542000	 18.615244	 18.500801
15:10:19 10-4-2026	1011.337089	  0.000000	  3.897206	  0.000000	  0.129213	 -0.049287	  0.164912	  0.127932	  0.110903	  0.133181	  0.012390	  0.012207	 18.512245	 18.530556	 18.601511	 18.500801
15:10:20 10-4-2026	1009.918664	  0.000000	  3.896657	  0.000000	  0.126650	 -0.044022	  0.164530	  0.130922	  0.110414	  0.131716	  0.014099	  0.012512	 18.507668	 18.542000	 18.608377	 18.489357
15:10:21 10-4-2026	1011.337089	  0.000000	  3.901601	  0.000000	  0.127138	 -0.044823	  0.164721	  0.141115	  0.110414	  0.151431	  0.008850	  0.014588	 18.512245	 18.542000	 18.608377	 18.500801
15:10:22 10-4-2026	1011.337089	  0.000000	  3.901601	  0.000000	  0.126345	 -0.056039	  0.164721	  0.138918	  0.110414	  0.133669	  0.012696	  0.013184	 18.512245	 18.537423	 18.615244	 18.500801
15:10:23 10-4-2026	1058.929422	  0.000000	  3.901051	  0.000000	  0.125368	 -0.046006	  0.164721	  0.131899	  0.110780	  0.130007	  0.009644	  0.013977	 18.519112	 18.555734	 18.601511	 18.489357
15:10:24 10-4-2026	1012.759504	  0.000000	  3.901601	  0.000000	  0.128908	 -0.045319	  0.164530	  0.145571	  0.110597	  0.141299	  0.011902	  0.013489	 18.512245	 18.548867	 18.608377	 18.500801
15:10:25 10-4-2026	1011.337089	  0.000000	  3.905171	  0.000000	  0.126650	 -0.039750	  0.165217	  0.135561	  0.110780	  0.132998	  0.014771	  0.011719	 18.512245	 18.548867	 18.608377	 18.493935
15:10:26 10-4-2026	1012.759504	  0.000000	  3.905995	  0.000000	  0.127749	 -0.032998	  0.164721	  0.137758	  0.110414	  0.128725	  0.015686	  0.011414	 18.512245	 18.542000	 18.608377	 18.500801
15:10:27 10-4-2026	1011.337089	  0.000000	  3.906545	  0.000000	  0.126833	 -0.045892	  0.164797	  0.132509	  0.110903	  0.133181	  0.013794	  0.011414	 18.500801	 18.548867	 18.608377	 18.489357
15:10:28 10-4-2026	1012.759504	  0.000000	  3.905995	  0.000000	  0.126833	 -0.033684	  0.163119	  0.134279	  0.110414	  0.128725	  0.017151	  0.012696	 18.525978	 18.548867	 18.615244	 18.493935
15:10:29 10-4-2026	1008.504212	  0.000000	  3.909566	  0.000000	  0.126650	 -0.053140	  0.165293	  0.128237	  0.110414	  0.132876	  0.016968	  0.012696	 18.525978	 18.537423	 18.615244	 18.507668
15:10:30 10-4-2026	1121.607488	  0.000000	  3.910115	  0.000000	  0.126162	 -0.052377	  0.164721	  0.129824	  0.110597	  0.142580	  0.008545	  0.012818	 18.512245	 18.548867	 18.601511	 18.493935
15:10:31 10-4-2026	1011.337089	  0.000000	  3.909566	  0.000000	  0.126040	 -0.046197	  0.164797	  0.143679	  0.110903	  0.130495	  0.012207	  0.012207	 18.512245	 18.542000	 18.608377	 18.507668
15:10:32 10-4-2026	1011.337089	  0.000000	  3.910939	  0.000000	  0.127749	 -0.038071	  0.163920	  0.145266	  0.110597	  0.138125	  0.012207	  0.012207	 18.525978	 18.542000	 18.608377	 18.500801
15:10:33 10-4-2026	1009.918664	  0.000000	  3.906545	  0.000000	  0.126345	 -0.050660	  0.164721	  0.139040	  0.110597	  0.138552	  0.016358	  0.011414	 18.519112	 18.548867	 18.615244	 18.493935
15:10:34 10-4-2026	1011.337089	  0.000000	  3.905995	  0.000000	  0.128237	 -0.045396	  0.164302	  0.142214	  0.110597	  0.139040	  0.013306	  0.012512	 18.519112	 18.548867	 18.601511	 18.500801
15:10:35 10-4-2026	1011.337089	  0.000000	  3.902974	  0.000000	  0.126650	 -0.039139	  0.165026	  0.128542	  0.110597	  0.134096	  0.012512	  0.010803	 18.512245	 18.542000	 18.601511	 18.507668
15:10:36 10-4-2026	1011.337089	  0.000000	  3.902425	  0.000000	  0.128237	 -0.032692	  0.164797	  0.146365	  0.110597	  0.138247	  0.017456	  0.012390	 18.512245	 18.548867	 18.601511	 18.493935
15:10:37 10-4-2026	1012.759504	  0.000000	  3.897206	  0.000000	  0.127443	 -0.036545	  0.164416	  0.156558	  0.110597	  0.127443	  0.014893	  0.011231	 18.525978	 18.542000	 18.608377	 18.507668
15:10:38 10-4-2026	1030.145933	  0.000000	  3.893086	  0.000000	  0.126650	 -0.043336	  0.164225	  0.120607	  0.110597	  0.135561	  0.015381	  0.011597	 18.530556	 18.548867	 18.608377	 18.507668
15:10:39 10-4-2026	1011.337089	  0.000000	  3.892262	  0.000000	  0.125246	 -0.039940	  0.164912	  0.115053	  0.110597	  0.119509	  0.015869	  0.012696	 18.525978	 18.542000	 18.601511	 18.500801
15:10:40 10-4-2026	1011.337089	  0.000000	  3.892262	  0.000000	  0.126467	 -0.039330	  0.164912	  0.134279	  0.110414	  0.137453	  0.013001	  0.011597	 18.537423	 18.537423	 18.608377	 18.493935
15:10:41 10-4-2026	1009.918664	  0.000000	  3.893086	  0.000000	  0.128542	 -0.044213	  0.164721	  0.152712	  0.110597	  0.131106	  0.013001	  0.011597	 18.525978	 18.548867	 18.608377	 18.507668
15:10:42 10-4-2026	1012.759504	  0.000000	  3.892262	  0.000000	  0.125063	 -0.047303	  0.164721	  0.146548	  0.110780	  0.136049	  0.010620	  0.012207	 18.519112	 18.548867	 18.608377	 18.507668
15:10:43 10-4-2026	1012.759504	  0.000000	  3.892262	  0.000000	  0.126162	 -0.038834	  0.164721	  0.157168	  0.110903	  0.133791	  0.011597	  0.013184	 18.530556	 18.555734	 18.601511	 18.507668
15:10:44 10-4-2026	1011.337089	  0.000000	  3.892262	  0.000000	  0.127443	 -0.039559	  0.164721	  0.126955	  0.110597	  0.127321	  0.016663	  0.012390	 18.525978	 18.542000	 18.601511	 18.500801
15:10:45 10-4-2026	1091.018193	  0.000000	  3.892262	  0.000000	  0.125673	 -0.047608	  0.164797	  0.137148	  0.110597	  0.124086	  0.014893	  0.012024	 18.512245	 18.555734	 18.615244	 18.507668
15:10:46 10-4-2026	1012.759504	  0.000000	  3.895833	  0.000000	  0.125063	 -0.041314	  0.164797	  0.146853	  0.110903	  0.133181	  0.012512	  0.012024	 18.525978	 18.560311	 18.626688	 18.507668
15:10:47 10-4-2026	1012.759504	  0.000000	  3.896657	  0.000000	  0.124758	 -0.043412	  0.164797	  0.147951	  0.110903	  0.143374	  0.011597	  0.013184	 18.512245	 18.548867	 18.608377	 18.500801
15:10:48 10-4-2026	1011.337089	  0.000000	  3.897206	  0.000000	  0.127749	 -0.042611	  0.164912	  0.128115	  0.110780	  0.136538	  0.013306	  0.014282	 18.525978	 18.542000	 18.615244	 18.507668
15:10:49 10-4-2026	1011.337089	  0.000000	  3.897206	  0.000000	  0.126650	 -0.040742	  0.164416	  0.156863	  0.110903	  0.132876	  0.012024	  0.012390	 18.525978	 18.555734	 18.608377	 18.500801
15:10:50 10-4-2026	1012.759504	  0.000000	  3.900227	  0.000000	  0.126162	 -0.051766	  0.164607	  0.138430	  0.110780	  0.132509	  0.015869	  0.013001	 18.548867	 18.555734	 18.615244	 18.500801
15:10:51 10-4-2026	1009.918664	  0.000000	  3.901601	  0.000000	  0.127443	 -0.048371	  0.165026	  0.156680	  0.110597	  0.142214	  0.009216	  0.013001	 18.525978	 18.555734	 18.608377	 18.507668
15:10:52 10-4-2026	1011.337089	  0.000000	  3.902425	  0.000000	  0.127626	 -0.043908	  0.164912	  0.137942	  0.111208	  0.135256	  0.011414	  0.013794	 18.530556	 18.555734	 18.608377	 18.507668
15:10:53 10-4-2026	1011.337089	  0.000000	  3.901601	  0.000000	  0.126833	 -0.033989	  0.164797	  0.128115	  0.110414	  0.140932	  0.013794	  0.011902	 18.525978	 18.542000	 18.596933	 18.500801
15:10:54 10-4-2026	1011.337089	  0.000000	  3.905995	  0.000000	  0.128908	 -0.027619	  0.165408	  0.147951	  0.110903	  0.137758	  0.015381	  0.012696	 18.525978	 18.555734	 18.601511	 18.507668
15:10:55 10-4-2026	1011.337089	  0.000000	  3.906545	  0.000000	  0.125551	 -0.039254	  0.164797	  0.126162	  0.110780	  0.131411	  0.018738	  0.012696	 18.530556	 18.555734	 18.615244	 18.519112
15:10:56 10-4-2026	1012.759504	  0.000000	  3.905995	  0.000000	  0.124758	 -0.041047	  0.164912	  0.136660	  0.110903	  0.134096	  0.018860	  0.011231	 18.525978	 18.555734	 18.615244	 18.507668
15:10:57 10-4-2026	1011.337089	  0.000000	  3.902425	  0.000000	  0.127443	 -0.025940	  0.164607	  0.142397	  0.111086	  0.137636	  0.008728	  0.014282	 18.530556	 18.542000	 18.608377	 18.507668
15:10:58 10-4-2026	1011.337089	  0.000000	  3.901601	  0.000000	  0.127138	 -0.041123	  0.165217	  0.120790	  0.111086	  0.124453	  0.015686	  0.011231	 18.530556	 18.555734	 18.615244	 18.512245
15:10:59 10-4-2026	1009.918664	  0.000000	  3.902425	  0.000000	  0.128237	 -0.038567	  0.164607	  0.144289	  0.111086	  0.143191	  0.011231	  0.014405	 18.525978	 18.555734	 18.615244	 18.507668
15:11:00 10-4-2026	1058.929422	  0.000000	  3.901601	  0.000000	  0.126040	 -0.054131	  0.165293	  0.132692	  0.110903	  0.128237	  0.017151	  0.012818	 18.530556	 18.555734	 18.615244	 18.507668
15:11:01 10-4-2026	1009.918664	  0.000000	  3.897206	  0.000000	  0.127749	 -0.045892	  0.164797	  0.144961	  0.110780	  0.124758	  0.014282	  0.013001	 18.525978	 18.567178	 18.608377	 18.512245
15:11:02 10-4-2026	1012.759504	  0.000000	  3.897206	  0.000000	  0.126345	 -0.051957	  0.165217	  0.152102	  0.110780	  0.132876	  0.014588	  0.012512	 18.525978	 18.560311	 18.615244	 18.512245
15:11:03 10-4-2026	1009.918664	  0.000000	  3.893086	  0.000000	  0.125673	 -0.030022	  0.164034	  0.145266	  0.110903	  0.145571	  0.011597	  0.014099	 18.525978	 18.548867	 18.619821	 18.519112
15:11:04 10-4-2026	1009.918664	  0.000000	  3.893086	  0.000000	  0.127138	 -0.052071	  0.165103	  0.126040	  0.111086	  0.125856	  0.015259	  0.011902	 18.525978	 18.548867	 18.615244	 18.519112
15:11:05 10-4-2026	1011.337089	  0.000000	  3.892262	  0.000000	  0.127138	 -0.029793	  0.164607	  0.157168	  0.110903	  0.137453	  0.011719	  0.011414	 18.525978	 18.555734	 18.619821	 18.519112
15:11:06 10-4-2026	1011.337089	  0.000000	  3.892262	  0.000000	  0.126955	 -0.044022	  0.164797	  0.135378	  0.111208	  0.125856	  0.016480	  0.012390	 18.525978	 18.567178	 18.608377	 18.507668
15:11:07 10-4-2026	1121.607488	  0.000000	  3.892262	  0.000000	  0.127749	 -0.044823	  0.165408	  0.138735	  0.110780	  0.137148	  0.008728	  0.012207	 18.537423	 18.555734	 18.608377	 18.507668
15:11:08 10-4-2026	1012.759504	  0.000000	  3.893086	  0.000000	  0.127443	 -0.047799	  0.165103	  0.143191	  0.110597	  0.118837	  0.013977	  0.012696	 18.537423	 18.560311	 18.601511	 18.512245
15:11:09 10-4-2026	1012.759504	  0.000000	  3.893086	  0.000000	  0.126833	 -0.048295	  0.164111	  0.143679	  0.110780	  0.128542	  0.011231	  0.011597	 18.525978	 18.555734	 18.619821	 18.519112
15:11:10 10-4-2026	1011.337089	  0.000000	  3.896657	  0.000000	  0.126650	 -0.043908	  0.165293	  0.140017	  0.110903	  0.135561	  0.013184	  0.013184	 18.530556	 18.560311	 18.615244	 18.512245
15:11:11 10-4-2026	1011.337089	  0.000000	  3.896657	  0.000000	  0.126345	 -0.041123	  0.165408	  0.128725	  0.110414	  0.131106	  0.013184	  0.011597	 18.530556	 18.555734	 18.596933	 18.507668
15:11:12 10-4-2026	1014.185926	  0.000000	  3.897206	  0.000000	  0.125673	 -0.047189	  0.164912	  0.150027	  0.110780	  0.130800	  0.011719	  0.013184	 18.530556	 18.555734	 18.608377	 18.512245
15:11:13 10-4-2026	1012.759504	  0.000000	  3.901051	  0.000000	  0.126467	 -0.053864	  0.165217	  0.127932	  0.110903	  0.136049	  0.007630	  0.012818	 18.530556	 18.555734	 18.601511	 18.519112
15:11:14 10-4-2026	1011.337089	  0.000000	  3.901051	  0.000000	  0.126467	 -0.043107	  0.165217	  0.138247	  0.110903	  0.138735	  0.015381	  0.010925	 18.537423	 18.555734	 18.608377	 18.512245
15:11:15 10-4-2026	1028.674296	  0.000000	  3.901601	  0.000000	  0.127932	 -0.052377	  0.164530	  0.156680	  0.110597	  0.132082	  0.009033	  0.011597	 18.537423	 18.560311	 18.615244	 18.512245
15:11:16 10-4-2026	1011.337089	  0.000000	  3.901601	  0.000000	  0.126162	 -0.050774	  0.164797	  0.151308	  0.111086	  0.130312	  0.006958	  0.012207	 18.530556	 18.560311	 18.619821	 18.512245
15:11:17 10-4-2026	1011.337089	  0.000000	  3.901601	  0.000000	  0.127321	 -0.039139	  0.164721	  0.122194	  0.110414	  0.128725	  0.015686	  0.013489	 18.537423	 18.555734	 18.601511	 18.519112
15:11:18 10-4-2026	1012.759504	  0.000000	  3.905995	  0.000000	  0.128725	 -0.053864	  0.165522	  0.136355	  0.110780	  0.130007	  0.013184	  0.013184	 18.530556	 18.560311	 18.608377	 18.519112
15:11:19 10-4-2026	1012.759504	  0.000000	  3.905995	  0.000000	  0.128420	 -0.052949	  0.165026	  0.142885	  0.110903	  0.129030	  0.014893	  0.013611	 18.530556	 18.560311	 18.615244	 18.512245
15:11:20 10-4-2026	1009.918664	  0.000000	  3.906545	  0.000000	  0.127626	 -0.046807	  0.164912	  0.146548	  0.110903	  0.137758	  0.008057	  0.012390	 18.537423	 18.560311	 18.619821	 18.507668
15:11:21 10-4-2026	1011.337089	  0.000000	  3.905995	  0.000000	  0.128237	 -0.037652	  0.164912	  0.142397	  0.111086	  0.126162	  0.015686	  0.010925	 18.537423	 18.560311	 18.601511	 18.512245
15:11:22 10-4-2026	1086.081459	  0.000000	  3.905995	  0.000000	  0.125368	 -0.054131	  0.164797	  0.135256	  0.111208	  0.119326	  0.015259	  0.012207	 18.530556	 18.560311	 18.615244	 18.530556
15:11:23 10-4-2026	1009.918664	  0.000000	  3.905995	  0.000000	  0.126040	 -0.032273	  0.165293	  0.126833	  0.110780	  0.138125	  0.007446	  0.012024	 18.542000	 18.567178	 18.608377	 18.512245
15:11:24 10-4-2026	1011.337089	  0.000000	  3.905995	  0.000000	  0.128115	 -0.035477	  0.165522	  0.137636	  0.110780	  0.134768	  0.013489	  0.012207	 18.548867	 18.567178	 18.608377	 18.525978
15:11:25 10-4-2026	1011.337089	  0.000000	  3.906545	  0.000000	  0.124758	 -0.037766	  0.165103	  0.148562	  0.111208	  0.140322	  0.015564	  0.013184	 18.530556	 18.555734	 18.615244	 18.512245
15:11:26 10-4-2026	1009.918664	  0.000000	  3.902425	  0.000000	  0.127321	 -0.042039	  0.165026	  0.129702	  0.111086	  0.135744	  0.011597	  0.013001	 18.548867	 18.567178	 18.608377	 18.519112
15:11:27 10-4-2026	1009.918664	  0.000000	  3.901051	  0.000000	  0.127138	 -0.056039	  0.165103	  0.148257	  0.110780	  0.137331	  0.013184	  0.012390	 18.548867	 18.560311	 18.601511	 18.519112
15:11:28 10-4-2026	1011.337089	  0.000000	  3.898030	  0.000000	  0.126955	 -0.031701	  0.165217	  0.132387	  0.111086	  0.130129	  0.018067	  0.011902	 18.542000	 18.560311	 18.615244	 18.512245
15:11:29 10-4-2026	1011.337089	  0.000000	  3.897206	  0.000000	  0.125673	 -0.038758	  0.165599	  0.136538	  0.111208	  0.135378	  0.013184	  0.011719	 18.542000	 18.560311	 18.608377	 18.519112
15:11:30 10-4-2026	1011.337089	  0.000000	  3.896657	  0.000000	  0.127626	 -0.035859	  0.164797	  0.130922	  0.110903	  0.111208	  0.016663	  0.013489	 18.542000	 18.567178	 18.608377	 18.519112
15:11:31 10-4-2026	1011.337089	  0.000000	  3.897206	  0.000000	  0.126650	 -0.033684	  0.164721	  0.135073	  0.111208	  0.139345	  0.005982	  0.014588	 18.542000	 18.571756	 18.615244	 18.519112
15:11:32 10-4-2026	1011.337089	  0.000000	  3.896657	  0.000000	  0.127321	 -0.054131	  0.165217	  0.132692	  0.111208	  0.129030	  0.015686	  0.011597	 18.542000	 18.567178	 18.615244	 18.519112
15:11:33 10-4-2026	1009.918664	  0.000000	  3.897206	  0.000000	  0.126345	 -0.037575	  0.165026	  0.146975	  0.111086	  0.136355	  0.011597	  0.011902	 18.537423	 18.571756	 18.619821	 18.525978
15:11:34 10-4-2026	1014.185926	  0.000000	  3.897206	  0.000000	  0.128420	 -0.042840	  0.165217	  0.143008	  0.110903	  0.128237	  0.014771	  0.011597	 18.542000	 18.567178	 18.608377	 18.519112
15:11:35 10-4-2026	1012.759504	  0.000000	  3.901051	  0.000000	  0.126650	 -0.053750	  0.165713	  0.134768	  0.110903	  0.130007	  0.015686	  0.012512	 18.542000	 18.571756	 18.619821	 18.525978
15:11:36 10-4-2026	1009.918664	  0.000000	  3.902425	  0.000000	  0.127626	 -0.045815	  0.165026	  0.119814	  0.111086	  0.123964	  0.018433	  0.011902	 18.530556	 18.571756	 18.615244	 18.519112
15:11:37 10-4-2026	1048.139748	  0.000000	  3.905995	  0.000000	  0.126467	 -0.034676	  0.165103	  0.130129	  0.110780	  0.130129	  0.015259	  0.013794	 18.530556	 18.560311	 18.615244	 18.525978
15:11:38 10-4-2026	1012.759504	  0.000000	  3.905171	  0.000000	  0.127626	 -0.033303	  0.164607	  0.142397	  0.111086	  0.125368	  0.010925	  0.012207	 18.537423	 18.560311	 18.608377	 18.519112
15:11:39 10-4-2026	1012.759504	  0.000000	  3.909566	  0.000000	  0.126467	 -0.033570	  0.165293	  0.142885	  0.111086	  0.129824	  0.012696	  0.013184	 18.542000	 18.567178	 18.619821	 18.512245
15:11:40 10-4-2026	1011.337089	  0.000000	  3.910115	  0.000000	  0.127138	 -0.042916	  0.165103	  0.139712	  0.111086	  0.127138	  0.016846	  0.011109	 18.537423	 18.571756	 18.601511	 18.519112
15:11:41 10-4-2026	1011.337089	  0.000000	  3.910939	  0.000000	  0.126955	 -0.060693	  0.165904	  0.138430	  0.110780	  0.124086	  0.014893	  0.014099	 18.537423	 18.571756	 18.608377	 18.530556
15:11:42 10-4-2026	1014.185926	  0.000000	  3.910115	  0.000000	  0.124086	 -0.051881	  0.165522	  0.129824	  0.111086	  0.127321	  0.015259	  0.011597	 18.537423	 18.560311	 18.615244	 18.530556
15:11:43 10-4-2026	1012.759504	  0.000000	  3.910939	  0.000000	  0.125551	 -0.045014	  0.165293	  0.144472	  0.111086	  0.140932	  0.008423	  0.014771	 18.542000	 18.567178	 18.608377	 18.525978
15:11:44 10-4-2026	1106.101394	  0.000000	  3.910939	  0.000000	  0.128908	 -0.038758	  0.164912	  0.126955	  0.111208	  0.132876	  0.012696	  0.014099	 18.537423	 18.571756	 18.619821	 18.519112
15:11:45 10-4-2026	1011.337089	  0.000000	  3.910939	  0.000000	  0.126345	 -0.050355	  0.166209	  0.112490	  0.111208	  0.117739	  0.020447	  0.011597	 18.542000	 18.560311	 18.608377	 18.519112
15:11:46 10-4-2026	1011.337089	  0.000000	  3.906545	  0.000000	  0.127932	 -0.040246	  0.165026	  0.140932	  0.110903	  0.135073	  0.016358	  0.011414	 18.542000	 18.571756	 18.615244	 18.525978
15:11:47 10-4-2026	1014.185926	  0.000000	  3.905995	  0.000000	  0.125673	 -0.034981	  0.165789	  0.126833	  0.111086	  0.135073	  0.012512	  0.012024	 18.530556	 18.571756	 18.615244	 18.525978
15:11:48 10-4-2026	1009.918664	  0.000000	  3.906545	  0.000000	  0.127932	 -0.043336	  0.164607	  0.133791	  0.111208	  0.137636	  0.012390	  0.012207	 18.548867	 18.567178	 18.608377	 18.530556
15:11:49 10-4-2026	1014.185926	  0.000000	  3.906545	  0.000000	  0.125551	 -0.047189	  0.165026	  0.142885	  0.111208	  0.139834	  0.012696	  0.011902	 18.542000	 18.571756	 18.601511	 18.519112
15:11:50 10-4-2026	1011.337089	  0.000000	  3.905995	  0.000000	  0.125673	 -0.053750	  0.164416	  0.163516	  0.111208	  0.143679	  0.016052	  0.010437	 18.555734	 18.571756	 18.615244	 18.525978
15:11:51 10-4-2026	1009.918664	  0.000000	  3.905995	  0.000000	  0.126040	 -0.027810	  0.165522	  0.140505	  0.111086	  0.128542	  0.018067	  0.011414	 18.542000	 18.571756	 18.596933	 18.525978
15:11:52 10-4-2026	1009.918664	  0.000000	  3.906545	  0.000000	  0.126162	 -0.049973	  0.165026	  0.150637	  0.111208	  0.134096	  0.013977	  0.010437	 18.537423	 18.578622	 18.615244	 18.519112
15:11:53 10-4-2026	1012.759504	  0.000000	  3.906545	  0.000000	  0.127443	 -0.055924	  0.165713	  0.135744	  0.111208	  0.134279	  0.010132	  0.012390	 18.542000	 18.567178	 18.615244	 18.530556
15:11:54 10-4-2026	1012.759504	  0.000000	  3.905171	  0.000000	  0.128725	 -0.044823	  0.164721	  0.155398	  0.110903	  0.127138	  0.013977	  0.012390	 18.548867	 18.590066	 18.608377	 18.530556
15:11:55 10-4-2026	1011.337089	  0.000000	  3.905995	  0.000000	  0.125246	 -0.033074	  0.165026	  0.129824	  0.111574	  0.140627	  0.013306	  0.012390	 18.542000	 18.578622	 18.619821	 18.525978
15:11:56 10-4-2026	1011.337089	  0.000000	  3.905995	  0.000000	  0.127443	 -0.037575	  0.164912	  0.140017	  0.111086	  0.137636	  0.011902	  0.012390	 18.548867	 18.571756	 18.619821	 18.525978
15:11:57 10-4-2026	1012.759504	  0.000000	  3.906545	  0.000000	  0.125673	 -0.050278	  0.165713	  0.141604	  0.111208	  0.125368	  0.013611	  0.011597	 18.548867	 18.578622	 18.615244	 18.525978
15:11:58 10-4-2026	1011.337089	  0.000000	  3.905995	  0.000000	  0.128725	 -0.044518	  0.165103	  0.130312	  0.111391	  0.141421	  0.017945	  0.010803	 18.548867	 18.571756	 18.615244	 18.530556
15:11:59 10-4-2026	1060.488965	  0.000000	  3.906545	  0.000000	  0.126833	 -0.047990	  0.165713	  0.146975	  0.111086	  0.130007	  0.012696	  0.013794	 18.555734	 18.585489	 18.619821	 18.525978
15:12:00 10-4-2026	1011.337089	  0.000000	  3.905995	  0.000000	  0.124880	 -0.044099	  0.165217	  0.155093	  0.111208	  0.130922	  0.012390	  0.013489	 18.555734	 18.578622	 18.615244	 18.530556
15:12:01 10-4-2026	1012.759504	  0.000000	  3.906545	  0.000000	  0.125856	 -0.041619	  0.165599	  0.150820	  0.111574	  0.133791	  0.009339	  0.013306	 18.555734	 18.578622	 18.626688	 18.530556
15:12:02 10-4-2026	1011.337089	  0.000000	  3.905995	  0.000000	  0.126162	 -0.034867	  0.164797	  0.150332	  0.111208	  0.133974	  0.013794	  0.013184	 18.542000	 18.571756	 18.615244	 18.530556
15:12:03 10-4-2026	1014.185926	  0.000000	  3.905995	  0.000000	  0.127321	 -0.035477	  0.165103	  0.117922	  0.111208	  0.140810	  0.013489	  0.013001	 18.548867	 18.585489	 18.619821	 18.530556
15:12:04 10-4-2026	1011.337089	  0.000000	  3.906545	  0.000000	  0.127443	 -0.042420	  0.165103	  0.129030	  0.111086	  0.126955	  0.012024	  0.013001	 18.548867	 18.578622	 18.608377	 18.530556
15:12:05 10-4-2026	1012.759504	  0.000000	  3.905995	  0.000000	  0.125368	 -0.046807	  0.165713	  0.150332	  0.111208	  0.138430	  0.012390	  0.012024	 18.555734	 18.571756	 18.615244	 18.537423
15:12:06 10-4-2026	1114.662550	  0.000000	  3.906545	  0.000000	  0.125551	 -0.042344	  0.165408	  0.133181	  0.111208	  0.130922	  0.010803	  0.013489	 18.555734	 18.578622	 18.615244	 18.537423
15:12:07 10-4-2026	1011.337089	  0.000000	  3.905995	  0.000000	  0.125673	 -0.049859	  0.165522	  0.130312	  0.111208	  0.134463	  0.010132	  0.013489	 18.548867	 18.578622	 18.608377	 18.530556
