Time            	RT01 (RPM)     	RT02 (RPM)    	FT01 (m3/h)   	FT02 (m3/h)   	PT01 (bar)    	PT02 (bar)    	PT03 (bar)    	PT04 (bar)    	PT05 (bar)    	PT06 (bar)    	PT07 (bar)    	PT08 (bar)    	TT01 (C)      	TT02 (C)      	TT03 (C)      	TT04 (C)      
15:19:40 10-4-2026	1018.489402	  0.000000	  1.918813	  0.000000	  0.139834	 -0.694018	  0.168078	  0.116640	  0.113771	  0.095827	  0.011414	  0.010925	 18.697642	 18.738842	 18.656443	 18.690776
15:19:41 10-4-2026	1018.489402	  0.000000	  1.918813	  0.000000	  0.136965	 -0.689746	  0.168307	  0.089601	  0.114076	  0.099794	  0.010620	  0.008850	 18.697642	 18.745708	 18.638132	 18.697642
15:19:42 10-4-2026	1015.616371	  0.000000	  1.922383	  0.000000	  0.137636	 -0.684977	  0.168002	  0.114748	  0.113771	  0.102663	  0.009522	  0.012696	 18.690776	 18.738842	 18.667887	 18.679332
15:19:43 10-4-2026	1017.050858	  0.000000	  1.923757	  0.000000	  0.138918	 -0.681697	  0.168803	  0.101991	  0.113954	  0.097597	  0.011414	  0.009339	 18.709087	 18.738842	 18.649577	 18.690776
15:19:44 10-4-2026	1017.050858	  0.000000	  1.923207	  0.000000	  0.138430	 -0.687190	  0.167086	  0.102480	  0.113954	  0.110780	  0.008545	  0.010132	 18.690776	 18.745708	 18.638132	 18.690776
15:19:45 10-4-2026	1019.932022	  0.000000	  1.923757	  0.000000	  0.139345	 -0.676738	  0.168994	  0.101686	  0.113954	  0.111391	  0.009522	  0.011719	 18.709087	 18.734264	 18.644999	 18.704509
15:19:46 10-4-2026	1017.050858	  0.000000	  1.923757	  0.000000	  0.138918	 -0.693637	  0.168193	  0.099184	  0.114260	  0.098207	  0.009522	  0.010010	 18.697642	 18.738842	 18.638132	 18.697642
15:19:47 10-4-2026	1018.489402	  0.000000	  1.923207	  0.000000	  0.139223	 -0.682307	  0.167697	  0.103151	  0.113771	  0.105348	  0.009644	  0.011109	 18.697642	 18.745708	 18.649577	 18.690776
15:19:48 10-4-2026	1021.378734	  0.000000	  1.923757	  0.000000	  0.137636	 -0.678225	  0.167391	  0.102174	  0.114260	  0.086305	  0.010010	  0.010315	 18.697642	 18.745708	 18.638132	 18.697642
15:19:49 10-4-2026	1019.932022	  0.000000	  1.923757	  0.000000	  0.137148	 -0.683299	  0.167697	  0.093751	  0.113771	  0.099489	  0.013794	  0.010620	 18.697642	 18.750286	 18.626688	 18.697642
15:19:50 10-4-2026	1018.489402	  0.000000	  1.924581	  0.000000	  0.139223	 -0.676432	  0.168002	  0.111208	  0.113771	  0.092348	  0.012024	  0.010620	 18.697642	 18.738842	 18.644999	 18.690776
15:19:51 10-4-2026	1019.932022	  0.000000	  1.923757	  0.000000	  0.137942	 -0.690166	  0.168193	  0.099001	  0.114076	  0.103578	  0.009644	  0.009522	 18.704509	 18.738842	 18.644999	 18.704509
15:19:52 10-4-2026	1019.932022	  0.000000	  1.923207	  0.000000	  0.138552	 -0.685893	  0.168078	  0.091676	  0.113954	  0.110597	  0.011109	  0.011109	 18.690776	 18.745708	 18.644999	 18.697642
15:19:53 10-4-2026	1019.932022	  0.000000	  1.923207	  0.000000	  0.138735	 -0.677157	  0.168307	  0.100893	  0.113771	  0.119020	  0.007446	  0.010925	 18.690776	 18.738842	 18.638132	 18.697642
15:19:54 10-4-2026	1017.050858	  0.000000	  1.923757	  0.000000	  0.138430	 -0.686275	  0.168193	  0.094057	  0.113954	  0.100893	  0.010132	  0.009827	 18.697642	 18.750286	 18.638132	 18.697642
15:19:55 10-4-2026	1018.489402	  0.000000	  1.923757	  0.000000	  0.136538	 -0.687877	  0.167391	  0.102358	  0.113771	  0.099184	  0.008545	  0.011719	 18.697642	 18.757153	 18.638132	 18.697642
15:19:56 10-4-2026	1017.050858	  0.000000	  1.923207	  0.000000	  0.138918	 -0.671397	  0.168498	  0.101198	  0.113954	  0.103273	  0.012696	  0.009827	 18.697642	 18.745708	 18.638132	 18.690776
15:19:57 10-4-2026	1018.489402	  0.000000	  1.923757	  0.000000	  0.138247	 -0.685092	  0.167391	  0.103456	  0.113954	  0.095949	  0.010010	  0.010803	 18.697642	 18.745708	 18.644999	 18.704509
15:19:58 10-4-2026	1106.101394	  0.000000	  1.928151	  0.000000	  0.137331	 -0.675441	  0.167697	  0.103761	  0.114076	  0.107912	  0.013184	  0.010925	 18.690776	 18.738842	 18.649577	 18.697642
15:19:59 10-4-2026	1079.568227	  0.000000	  1.928151	  0.000000	  0.139712	 -0.677844	  0.168498	  0.100587	  0.114260	  0.101564	  0.009644	  0.010010	 18.704509	 18.750286	 18.644999	 18.697642
15:20:00 10-4-2026	1054.278195	  0.000000	  1.928151	  0.000000	  0.139345	 -0.679522	  0.167010	  0.101076	  0.113771	  0.104738	  0.012818	  0.010620	 18.697642	 18.745708	 18.644999	 18.704509
15:20:01 10-4-2026	1031.621787	  0.000000	  1.928151	  0.000000	  0.135866	 -0.660449	  0.168498	  0.107118	  0.114076	  0.099611	  0.007141	  0.010620	 18.709087	 18.738842	 18.661021	 18.686198
15:20:02 10-4-2026	1018.489402	  0.000000	  1.928151	  0.000000	  0.136965	 -0.682193	  0.168498	  0.098207	  0.113954	  0.096132	  0.011231	  0.010437	 18.709087	 18.738842	 18.638132	 18.704509
15:20:03 10-4-2026	1018.489402	  0.000000	  1.928151	  0.000000	  0.136965	 -0.691539	  0.168002	  0.100099	  0.114076	  0.101869	  0.009339	  0.011719	 18.697642	 18.745708	 18.644999	 18.697642
15:20:04 10-4-2026	1018.489402	  0.000000	  1.923207	  0.000000	  0.137942	 -0.680819	  0.168994	  0.095521	  0.114443	  0.094728	  0.010620	  0.010132	 18.697642	 18.745708	 18.638132	 18.697642
15:20:05 10-4-2026	1018.489402	  0.000000	  1.923757	  0.000000	  0.140322	 -0.686770	  0.168307	  0.100099	  0.113954	  0.103761	  0.010010	  0.011109	 18.697642	 18.750286	 18.649577	 18.704509
15:20:06 10-4-2026	1018.489402	  0.000000	  1.923207	  0.000000	  0.137148	 -0.664416	  0.167697	  0.105837	  0.113771	  0.106447	  0.009216	  0.010803	 18.704509	 18.738842	 18.649577	 18.704509
15:20:07 10-4-2026	1019.932022	  0.000000	  1.923207	  0.000000	  0.138552	 -0.687266	  0.168688	  0.090394	  0.114076	  0.098695	  0.010925	  0.011231	 18.690776	 18.745708	 18.644999	 18.697642
15:20:08 10-4-2026	1018.489402	  0.000000	  1.923757	  0.000000	  0.138735	 -0.667391	  0.167773	  0.099001	  0.113954	  0.107912	  0.012818	  0.010803	 18.697642	 18.757153	 18.644999	 18.704509
15:20:09 10-4-2026	1019.932022	  0.000000	  1.923757	  0.000000	  0.139223	 -0.695010	  0.168574	  0.114565	  0.114260	  0.097597	  0.010315	  0.010132	 18.715953	 18.745708	 18.638132	 18.704509
15:20:10 10-4-2026	1019.932022	  0.000000	  1.923207	  0.000000	  0.139223	 -0.657282	  0.167391	  0.091981	  0.114076	  0.093141	  0.010437	  0.009827	 18.697642	 18.750286	 18.638132	 18.697642
15:20:11 10-4-2026	1018.489402	  0.000000	  1.923757	  0.000000	  0.140322	 -0.681125	  0.167391	  0.098024	  0.114260	  0.100893	  0.010010	  0.009339	 18.704509	 18.750286	 18.631266	 18.697642
15:20:12 10-4-2026	1021.378734	  0.000000	  1.923757	  0.000000	  0.140139	 -0.692760	  0.168307	  0.096132	  0.114443	  0.101686	  0.009522	  0.009033	 18.704509	 18.750286	 18.644999	 18.704509
15:20:13 10-4-2026	1018.489402	  0.000000	  1.923757	  0.000000	  0.139712	 -0.689479	  0.167773	  0.085328	  0.113771	  0.097108	  0.008057	  0.011414	 18.709087	 18.750286	 18.649577	 18.697642
15:20:14 10-4-2026	1018.489402	  0.000000	  1.923757	  0.000000	  0.138552	 -0.693332	  0.168307	  0.111574	  0.114076	  0.096925	  0.008850	  0.012024	 18.697642	 18.745708	 18.649577	 18.704509
15:20:15 10-4-2026	1018.489402	  0.000000	  1.923757	  0.000000	  0.136660	 -0.683223	  0.168002	  0.094728	  0.114565	  0.099184	  0.009644	  0.011231	 18.704509	 18.745708	 18.649577	 18.697642
15:20:16 10-4-2026	1018.489402	  0.000000	  1.923757	  0.000000	  0.139528	 -0.684291	  0.167773	  0.105531	  0.114076	  0.097108	  0.010620	  0.010620	 18.709087	 18.750286	 18.644999	 18.704509
15:20:17 10-4-2026	1018.489402	  0.000000	  1.923757	  0.000000	  0.140505	 -0.690051	  0.168994	  0.112490	  0.114076	  0.096132	  0.011414	  0.011597	 18.704509	 18.745708	 18.644999	 18.697642
15:20:18 10-4-2026	1019.932022	  0.000000	  1.923207	  0.000000	  0.135561	 -0.671893	  0.167582	  0.089296	  0.114260	  0.094850	  0.009827	  0.009827	 18.709087	 18.757153	 18.656443	 18.709087
15:20:19 10-4-2026	1018.489402	  0.000000	  1.923757	  0.000000	  0.138247	 -0.687762	  0.168078	  0.095521	  0.114260	  0.099611	  0.010803	  0.010803	 18.704509	 18.745708	 18.644999	 18.704509
15:20:20 10-4-2026	1019.932022	  0.000000	  1.923757	  0.000000	  0.139345	 -0.672580	  0.168994	  0.112673	  0.114260	  0.094850	  0.011902	  0.010925	 18.697642	 18.757153	 18.644999	 18.704509
15:20:21 10-4-2026	1018.489402	  0.000000	  1.923757	  0.000000	  0.137758	 -0.685283	  0.167506	  0.103578	  0.114076	  0.101076	  0.012024	  0.009522	 18.709087	 18.745708	 18.649577	 18.697642
15:20:22 10-4-2026	1018.489402	  0.000000	  1.923207	  0.000000	  0.139834	 -0.680133	  0.168307	  0.111696	  0.114076	  0.104555	  0.009339	  0.011231	 18.704509	 18.750286	 18.649577	 18.715953
15:20:23 10-4-2026	1019.932022	  0.000000	  1.923757	  0.000000	  0.137331	 -0.685473	  0.168574	  0.106813	  0.114076	  0.093446	  0.012390	  0.009827	 18.709087	 18.750286	 18.644999	 18.704509
15:20:24 10-4-2026	1018.489402	  0.000000	  1.923757	  0.000000	  0.137942	 -0.680133	  0.167887	  0.099794	  0.114076	  0.105837	  0.009644	  0.012024	 18.704509	 18.750286	 18.644999	 18.709087
15:20:25 10-4-2026	1015.616371	  0.000000	  1.923757	  0.000000	  0.141299	 -0.671778	  0.168879	  0.086305	  0.114076	  0.107424	  0.011109	  0.010925	 18.715953	 18.738842	 18.644999	 18.704509
15:20:26 10-4-2026	1018.489402	  0.000000	  1.923757	  0.000000	  0.139345	 -0.687266	  0.168383	  0.094057	  0.114076	  0.104372	  0.008850	  0.009522	 18.715953	 18.750286	 18.649577	 18.704509
15:20:27 10-4-2026	1018.489402	  0.000000	  1.923757	  0.000000	  0.139040	 -0.696803	  0.168383	  0.110292	  0.114076	  0.104860	  0.010620	  0.011597	 18.709087	 18.750286	 18.644999	 18.709087
15:20:28 10-4-2026	1018.489402	  0.000000	  1.923207	  0.000000	  0.139040	 -0.682918	  0.169070	  0.101991	  0.114443	  0.104555	  0.007752	  0.012390	 18.704509	 18.757153	 18.644999	 18.709087
15:20:29 10-4-2026	1018.489402	  0.000000	  1.923757	  0.000000	  0.140932	 -0.682612	  0.167887	  0.101686	  0.114443	  0.122194	  0.006470	  0.011902	 18.715953	 18.750286	 18.644999	 18.704509
15:20:30 10-4-2026	1017.050858	  0.000000	  1.923207	  0.000000	  0.139528	 -0.677844	  0.168498	  0.107118	  0.113954	  0.101381	  0.010803	  0.010620	 18.715953	 18.750286	 18.644999	 18.709087
15:20:31 10-4-2026	1018.489402	  0.000000	  1.923757	  0.000000	  0.137453	 -0.677043	  0.168879	  0.096925	  0.114443	  0.094545	  0.009827	  0.010132	 18.709087	 18.757153	 18.644999	 18.709087
15:20:32 10-4-2026	1018.489402	  0.000000	  1.924581	  0.000000	  0.137331	 -0.688258	  0.168078	  0.115358	  0.114260	  0.109804	  0.009033	  0.010803	 18.715953	 18.750286	 18.644999	 18.709087
15:20:33 10-4-2026	1019.932022	  0.000000	  1.923207	  0.000000	  0.138918	 -0.676242	  0.168307	  0.108034	  0.114076	  0.104067	  0.009216	  0.010803	 18.715953	 18.757153	 18.638132	 18.704509
15:20:34 10-4-2026	1018.489402	  0.000000	  1.923757	  0.000000	  0.140505	 -0.692645	  0.168078	  0.102663	  0.114260	  0.089967	  0.011719	  0.011231	 18.720531	 18.750286	 18.644999	 18.709087
15:20:35 10-4-2026	1019.932022	  0.000000	  1.926778	  0.000000	  0.138125	 -0.678645	  0.168002	  0.113771	  0.114260	  0.101381	  0.011719	  0.010132	 18.715953	 18.757153	 18.644999	 18.715953
15:20:36 10-4-2026	1017.050858	  0.000000	  1.923757	  0.000000	  0.138125	 -0.676738	  0.168879	  0.107424	  0.114076	  0.087098	  0.011109	  0.010315	 18.715953	 18.757153	 18.638132	 18.709087
15:20:37 10-4-2026	1017.050858	  0.000000	  1.923757	  0.000000	  0.138735	 -0.697604	  0.167582	  0.114260	  0.114260	  0.095155	  0.011109	  0.011231	 18.715953	 18.764019	 18.644999	 18.697642
15:20:38 10-4-2026	1017.050858	  0.000000	  1.923757	  0.000000	  0.140627	 -0.675937	  0.168078	  0.111208	  0.114565	  0.106325	  0.007263	  0.009644	 18.709087	 18.757153	 18.656443	 18.709087
15:20:39 10-4-2026	1017.050858	  0.000000	  1.923207	  0.000000	  0.136049	 -0.680133	  0.168803	  0.094850	  0.114443	  0.093751	  0.013611	  0.010803	 18.715953	 18.750286	 18.644999	 18.709087
15:20:40 10-4-2026	1018.489402	  0.000000	  1.923207	  0.000000	  0.138735	 -0.684482	  0.168307	  0.109804	  0.114260	  0.103456	  0.011597	  0.010925	 18.720531	 18.757153	 18.667887	 18.709087
15:20:41 10-4-2026	1132.188691	  0.000000	  1.923207	  0.000000	  0.139528	 -0.696422	  0.169184	  0.108034	  0.114565	  0.103456	  0.010132	  0.010315	 18.709087	 18.750286	 18.649577	 18.709087
15:20:42 10-4-2026	1104.404919	  0.000000	  1.923757	  0.000000	  0.139834	 -0.671397	  0.168078	  0.101869	  0.114565	  0.104555	  0.009522	  0.010803	 18.715953	 18.750286	 18.644999	 18.709087
15:20:43 10-4-2026	1077.952107	  0.000000	  1.923757	  0.000000	  0.136843	 -0.689250	  0.168002	  0.108034	  0.114443	  0.110414	  0.006775	  0.011414	 18.715953	 18.750286	 18.638132	 18.715953
15:20:44 10-4-2026	1049.667649	  0.000000	  1.923207	  0.000000	  0.138247	 -0.684977	  0.168688	  0.099611	  0.114260	  0.105837	  0.010010	  0.009339	 18.720531	 18.750286	 18.649577	 18.709087
15:20:45 10-4-2026	1025.743600	  0.000000	  1.923207	  0.000000	  0.138430	 -0.681010	  0.168193	  0.093568	  0.114565	  0.110414	  0.011597	  0.010315	 18.715953	 18.750286	 18.649577	 18.709087
15:20:46 10-4-2026	1018.489402	  0.000000	  1.923757	  0.000000	  0.139345	 -0.680514	  0.168879	  0.116152	  0.114565	  0.102663	  0.010620	  0.010315	 18.709087	 18.764019	 18.644999	 18.709087
15:20:47 10-4-2026	1019.932022	  0.000000	  1.923757	  0.000000	  0.136172	 -0.681125	  0.167773	  0.097230	  0.114565	  0.099977	  0.013794	  0.010315	 18.709087	 18.750286	 18.644999	 18.697642
15:20:48 10-4-2026	1017.050858	  0.000000	  1.923757	  0.000000	  0.138125	 -0.686885	  0.168498	  0.104738	  0.114260	  0.099184	  0.009522	  0.010132	 18.720531	 18.757153	 18.644999	 18.715953
15:20:49 10-4-2026	1018.489402	  0.000000	  1.923757	  0.000000	  0.137758	 -0.686999	  0.168879	  0.115358	  0.114565	  0.098207	  0.011109	  0.010132	 18.720531	 18.757153	 18.649577	 18.715953
15:20:50 10-4-2026	1019.932022	  0.000000	  1.923207	  0.000000	  0.138735	 -0.690967	  0.167773	  0.093446	  0.114565	  0.099001	  0.009827	  0.010437	 18.720531	 18.757153	 18.649577	 18.715953
15:20:51 10-4-2026	1018.489402	  0.000000	  1.923757	  0.000000	  0.139528	 -0.681315	  0.168193	  0.114443	  0.114443	  0.105837	  0.012207	  0.010132	 18.715953	 18.750286	 18.649577	 18.709087
15:20:52 10-4-2026	1019.932022	  0.000000	  1.923207	  0.000000	  0.141115	 -0.666133	  0.168498	  0.096132	  0.114870	  0.100404	  0.010437	  0.008850	 18.720531	 18.764019	 18.644999	 18.715953
15:20:53 10-4-2026	1018.489402	  0.000000	  1.923207	  0.000000	  0.138125	 -0.692760	  0.168193	  0.110780	  0.114565	  0.111574	  0.008423	  0.011597	 18.715953	 18.750286	 18.644999	 18.715953
15:20:54 10-4-2026	1018.489402	  0.000000	  1.923757	  0.000000	  0.138552	 -0.687495	  0.169490	  0.110903	  0.114565	  0.094240	  0.010925	  0.009522	 18.709087	 18.750286	 18.644999	 18.709087
15:20:55 10-4-2026	1017.050858	  0.000000	  1.923207	  0.000000	  0.139040	 -0.685473	  0.168994	  0.094240	  0.114748	  0.098817	  0.007263	  0.010132	 18.720531	 18.750286	 18.644999	 18.715953
15:20:56 10-4-2026	1021.378734	  0.000000	  1.923757	  0.000000	  0.139712	 -0.685206	  0.168383	  0.110292	  0.114565	  0.104860	  0.012024	  0.010803	 18.715953	 18.757153	 18.644999	 18.704509
15:20:57 10-4-2026	1018.489402	  0.000000	  1.923757	  0.000000	  0.139834	 -0.706950	  0.169566	  0.103761	  0.114443	  0.102968	  0.012024	  0.010803	 18.709087	 18.764019	 18.656443	 18.720531
15:20:58 10-4-2026	1018.489402	  0.000000	  1.923757	  0.000000	  0.137942	 -0.676051	  0.168498	  0.095033	  0.114565	  0.094728	  0.011414	  0.010925	 18.715953	 18.750286	 18.644999	 18.715953
15:20:59 10-4-2026	1018.489402	  0.000000	  1.923207	  0.000000	  0.138552	 -0.686885	  0.168994	  0.107607	  0.114565	  0.104372	  0.009644	  0.010620	 18.715953	 18.764019	 18.649577	 18.738842
15:21:00 10-4-2026	1018.489402	  0.000000	  1.923757	  0.000000	  0.137758	 -0.683413	  0.169184	  0.109499	  0.114565	  0.098390	  0.010315	  0.009644	 18.720531	 18.757153	 18.638132	 18.720531
15:21:01 10-4-2026	1014.185926	  0.000000	  1.923757	  0.000000	  0.139345	 -0.678950	  0.167773	  0.092775	  0.114443	  0.103578	  0.012818	  0.010803	 18.709087	 18.764019	 18.649577	 18.709087
15:21:02 10-4-2026	1019.932022	  0.000000	  1.923757	  0.000000	  0.138552	 -0.685779	  0.169184	  0.111574	  0.114565	  0.097719	  0.009216	  0.010925	 18.720531	 18.764019	 18.649577	 18.709087
15:21:03 10-4-2026	1018.489402	  0.000000	  1.923207	  0.000000	  0.136843	 -0.682307	  0.169070	  0.099001	  0.114260	  0.108705	  0.009522	  0.012390	 18.720531	 18.757153	 18.644999	 18.715953
15:21:04 10-4-2026	1019.932022	  0.000000	  1.923757	  0.000000	  0.139528	 -0.683719	  0.167697	  0.103151	  0.114443	  0.099611	  0.012390	  0.010803	 18.715953	 18.768597	 18.644999	 18.709087
15:21:05 10-4-2026	1021.378734	  0.000000	  1.923207	  0.000000	  0.138125	 -0.686694	  0.168879	  0.099611	  0.114565	  0.111696	  0.008850	  0.010437	 18.720531	 18.768597	 18.644999	 18.715953
