Time            	RT01 (RPM)     	RT02 (RPM)    	FT01 (m3/h)   	FT02 (m3/h)   	PT01 (bar)    	PT02 (bar)    	PT03 (bar)    	PT04 (bar)    	PT05 (bar)    	PT06 (bar)    	PT07 (bar)    	PT08 (bar)    	TT01 (C)      	TT02 (C)      	TT03 (C)      	TT04 (C)      
15:23:08 10-4-2026	1119.863153	  0.000000	  0.976171	  0.000000	  0.141421	 -0.671397	  0.168688	  0.075135	  0.115236	  0.088014	  0.009033	  0.010132	 18.745708	 18.816663	 18.649577	 18.764019
15:23:09 10-4-2026	1022.829556	  0.000000	  0.976171	  0.000000	  0.140932	 -0.675441	  0.168307	  0.077882	  0.115236	  0.103456	  0.009339	  0.011109	 18.745708	 18.812085	 18.649577	 18.757153
15:23:10 10-4-2026	1021.378734	  0.000000	  0.976171	  0.000000	  0.140810	 -0.676547	  0.170291	  0.113649	  0.115358	  0.103273	  0.008545	  0.010620	 18.750286	 18.823529	 18.656443	 18.764019
15:23:11 10-4-2026	1022.829556	  0.000000	  0.976171	  0.000000	  0.141421	 -0.668688	  0.169184	  0.084840	  0.115236	  0.078676	  0.010132	  0.010010	 18.750286	 18.812085	 18.656443	 18.757153
15:23:12 10-4-2026	1022.829556	  0.000000	  0.976171	  0.000000	  0.142580	 -0.669299	  0.168994	  0.091188	  0.115236	  0.110903	  0.009339	  0.010010	 18.757153	 18.812085	 18.649577	 18.764019
15:23:13 10-4-2026	1019.932022	  0.000000	  0.976171	  0.000000	  0.142092	 -0.673075	  0.169375	  0.099489	  0.115236	  0.107240	  0.009827	  0.010315	 18.750286	 18.805219	 18.656443	 18.768597
15:23:14 10-4-2026	1021.378734	  0.000000	  0.976171	  0.000000	  0.141421	 -0.673762	  0.170291	  0.099306	  0.115358	  0.084535	  0.009522	  0.010010	 18.757153	 18.812085	 18.649577	 18.768597
15:23:15 10-4-2026	1021.378734	  0.000000	  0.976171	  0.000000	  0.141604	 -0.673381	  0.168994	  0.084230	  0.115358	  0.107118	  0.008240	  0.009827	 18.745708	 18.816663	 18.661021	 18.764019
15:23:16 10-4-2026	1024.284505	  0.000000	  0.976171	  0.000000	  0.141115	 -0.674449	  0.169184	  0.102358	  0.115541	  0.106325	  0.009522	  0.010620	 18.757153	 18.812085	 18.656443	 18.768597
15:23:17 10-4-2026	1022.829556	  0.000000	  0.976171	  0.000000	  0.142397	 -0.672465	  0.169680	  0.095338	  0.115236	  0.084352	  0.009339	  0.010925	 18.745708	 18.816663	 18.656443	 18.768597
15:23:18 10-4-2026	1022.829556	  0.000000	  0.976721	  0.000000	  0.142397	 -0.673457	  0.168994	  0.090089	  0.115541	  0.100404	  0.009339	  0.010620	 18.750286	 18.816663	 18.656443	 18.768597
15:23:19 10-4-2026	1021.378734	  0.000000	  0.976171	  0.000000	  0.141115	 -0.676356	  0.168994	  0.100404	  0.115236	  0.104372	  0.009644	  0.011231	 18.750286	 18.805219	 18.656443	 18.768597
15:23:20 10-4-2026	1022.829556	  0.000000	  0.976171	  0.000000	  0.141299	 -0.677844	  0.170291	  0.096132	  0.115358	  0.088197	  0.010620	  0.010132	 18.745708	 18.823529	 18.661021	 18.768597
15:23:21 10-4-2026	1024.284505	  0.000000	  0.976171	  0.000000	  0.141604	 -0.673686	  0.168879	  0.086610	  0.115053	  0.090883	  0.009522	  0.009522	 18.757153	 18.828107	 18.656443	 18.768597
15:23:22 10-4-2026	1024.284505	  0.000000	  0.976171	  0.000000	  0.142214	 -0.674945	  0.168688	  0.083436	  0.115358	  0.100771	  0.009644	  0.011109	 18.757153	 18.816663	 18.661021	 18.775463
15:23:23 10-4-2026	1022.829556	  0.000000	  0.976171	  0.000000	  0.142092	 -0.672084	  0.170367	  0.096437	  0.115358	  0.097414	  0.008728	  0.011109	 18.764019	 18.828107	 18.649577	 18.768597
15:23:24 10-4-2026	1022.829556	  0.000000	  0.976171	  0.000000	  0.141421	 -0.670176	  0.168383	  0.078187	  0.115236	  0.088319	  0.009339	  0.009827	 18.757153	 18.816663	 18.667887	 18.780041
15:23:25 10-4-2026	1022.829556	  0.000000	  0.976171	  0.000000	  0.140139	 -0.679637	  0.168574	  0.089113	  0.115236	  0.100893	  0.009339	  0.012207	 18.764019	 18.816663	 18.661021	 18.768597
15:23:26 10-4-2026	1021.378734	  0.000000	  0.976171	  0.000000	  0.141421	 -0.674449	  0.169986	  0.112367	  0.115541	  0.098512	  0.009216	  0.010132	 18.750286	 18.816663	 18.661021	 18.768597
15:23:27 10-4-2026	1024.284505	  0.000000	  0.976171	  0.000000	  0.139834	 -0.673381	  0.169070	  0.076722	  0.115358	  0.088014	  0.009339	  0.010437	 18.757153	 18.816663	 18.649577	 18.768597
15:23:28 10-4-2026	1025.743600	  0.000000	  0.976171	  0.000000	  0.141421	 -0.677539	  0.168879	  0.084230	  0.115358	  0.102358	  0.009827	  0.011597	 18.757153	 18.798352	 18.656443	 18.775463
15:23:29 10-4-2026	1022.829556	  0.000000	  0.976171	  0.000000	  0.141726	 -0.670176	  0.170367	  0.106447	  0.115358	  0.105226	  0.010010	  0.010925	 18.757153	 18.816663	 18.656443	 18.757153
15:23:30 10-4-2026	1022.829556	  0.000000	  0.976171	  0.000000	  0.141299	 -0.667887	  0.169566	  0.082643	  0.115541	  0.082155	  0.008545	  0.010132	 18.750286	 18.823529	 18.656443	 18.780041
15:23:31 10-4-2026	1063.621872	  0.000000	  0.976171	  0.000000	  0.140139	 -0.668193	  0.168879	  0.071046	  0.115236	  0.098390	  0.009644	  0.009644	 18.764019	 18.812085	 18.656443	 18.768597
15:23:32 10-4-2026	1112.939733	  0.000000	  0.976171	  0.000000	  0.142092	 -0.668307	  0.169680	  0.110780	  0.115358	  0.099184	  0.010010	  0.010803	 18.757153	 18.816663	 18.656443	 18.775463
15:23:33 10-4-2026	1022.829556	  0.000000	  0.976171	  0.000000	  0.141909	 -0.671664	  0.170062	  0.082948	  0.115541	  0.080385	  0.008850	  0.010803	 18.757153	 18.823529	 18.649577	 18.775463
15:23:34 10-4-2026	1022.829556	  0.000000	  0.976721	  0.000000	  0.141299	 -0.673266	  0.169490	  0.066712	  0.115541	  0.103761	  0.008240	  0.011109	 18.764019	 18.816663	 18.656443	 18.775463
15:23:35 10-4-2026	1024.284505	  0.000000	  0.976171	  0.000000	  0.141604	 -0.678225	  0.168803	  0.103761	  0.115541	  0.098695	  0.007630	  0.010803	 18.745708	 18.816663	 18.649577	 18.775463
15:23:36 10-4-2026	1021.378734	  0.000000	  0.976171	  0.000000	  0.141726	 -0.678836	  0.170291	  0.090761	  0.115541	  0.081666	  0.008850	  0.011231	 18.750286	 18.828107	 18.661021	 18.780041
15:23:37 10-4-2026	1021.378734	  0.000000	  0.976171	  0.000000	  0.142397	 -0.681621	  0.169986	  0.086122	  0.115358	  0.095155	  0.008057	  0.010620	 18.764019	 18.823529	 18.661021	 18.775463
15:23:38 10-4-2026	1022.829556	  0.000000	  0.976171	  0.000000	  0.141604	 -0.678035	  0.168574	  0.089296	  0.115358	  0.095949	  0.008423	  0.010620	 18.750286	 18.823529	 18.661021	 18.775463
15:23:39 10-4-2026	1022.829556	  0.000000	  0.976171	  0.000000	  0.141115	 -0.670100	  0.170291	  0.108827	  0.115663	  0.094057	  0.009033	  0.010925	 18.757153	 18.823529	 18.656443	 18.786908
15:23:40 10-4-2026	1022.829556	  0.000000	  0.976171	  0.000000	  0.140932	 -0.682116	  0.169680	  0.085817	  0.115358	  0.095949	  0.007263	  0.011902	 18.768597	 18.823529	 18.656443	 18.775463
15:23:41 10-4-2026	1022.829556	  0.000000	  0.976171	  0.000000	  0.141604	 -0.674449	  0.168307	  0.079896	  0.115358	  0.090394	  0.009216	  0.010132	 18.757153	 18.823529	 18.649577	 18.780041
15:23:42 10-4-2026	1025.743600	  0.000000	  0.976171	  0.000000	  0.141115	 -0.664836	  0.170176	  0.105653	  0.115541	  0.091676	  0.010132	  0.010437	 18.764019	 18.823529	 18.656443	 18.780041
15:23:43 10-4-2026	1022.829556	  0.000000	  0.976171	  0.000000	  0.141299	 -0.684405	  0.170062	  0.081361	  0.115663	  0.080262	  0.008545	  0.010803	 18.764019	 18.828107	 18.649577	 18.775463
15:23:44 10-4-2026	1022.829556	  0.000000	  0.976171	  0.000000	  0.141115	 -0.672656	  0.168498	  0.070680	  0.115541	  0.095644	  0.009522	  0.010620	 18.757153	 18.828107	 18.656443	 18.775463
15:23:45 10-4-2026	1024.284505	  0.000000	  0.976171	  0.000000	  0.140627	 -0.681506	  0.170481	  0.118532	  0.115663	  0.096132	  0.009339	  0.010925	 18.757153	 18.823529	 18.656443	 18.780041
15:23:46 10-4-2026	1019.932022	  0.000000	  0.972601	  0.000000	  0.141115	 -0.675937	  0.170176	  0.076600	  0.115663	  0.084047	  0.008423	  0.010925	 18.750286	 18.823529	 18.656443	 18.775463
15:23:47 10-4-2026	1022.829556	  0.000000	  0.976171	  0.000000	  0.141604	 -0.668612	  0.168803	  0.078798	  0.115541	  0.089967	  0.009339	  0.010132	 18.764019	 18.823529	 18.649577	 18.775463
15:23:48 10-4-2026	1021.378734	  0.000000	  0.976171	  0.000000	  0.141115	 -0.678721	  0.170291	  0.113771	  0.115541	  0.098207	  0.009827	  0.010803	 18.757153	 18.828107	 18.661021	 18.775463
15:23:49 10-4-2026	1022.829556	  0.000000	  0.976171	  0.000000	  0.142580	 -0.672656	  0.170672	  0.083253	  0.115541	  0.083436	  0.009522	  0.010010	 18.764019	 18.828107	 18.656443	 18.780041
15:23:50 10-4-2026	1019.932022	  0.000000	  0.976171	  0.000000	  0.141604	 -0.673953	  0.168994	  0.081178	  0.115663	  0.086122	  0.008728	  0.010620	 18.764019	 18.828107	 18.661021	 18.775463
15:23:51 10-4-2026	1022.829556	  0.000000	  0.976721	  0.000000	  0.141726	 -0.672389	  0.169375	  0.093263	  0.115358	  0.097108	  0.010132	  0.010437	 18.764019	 18.828107	 18.656443	 18.780041
15:23:52 10-4-2026	1021.378734	  0.000000	  0.976721	  0.000000	  0.142092	 -0.687495	  0.169986	  0.081971	  0.115541	  0.081666	  0.008728	  0.011109	 18.764019	 18.816663	 18.656443	 18.768597
15:23:53 10-4-2026	1021.378734	  0.000000	  0.976721	  0.000000	  0.142580	 -0.676051	  0.169070	  0.069581	  0.115358	  0.083925	  0.009339	  0.010132	 18.764019	 18.828107	 18.656443	 18.780041
15:23:54 10-4-2026	1021.378734	  0.000000	  0.976171	  0.000000	  0.141299	 -0.674372	  0.169490	  0.094362	  0.115663	  0.098512	  0.009033	  0.011414	 18.764019	 18.828107	 18.661021	 18.775463
15:23:55 10-4-2026	1051.200011	  0.000000	  0.976171	  0.000000	  0.141604	 -0.679637	  0.170176	  0.101869	  0.115663	  0.085328	  0.009827	  0.010620	 18.750286	 18.828107	 18.656443	 18.786908
15:23:56 10-4-2026	1097.670743	  0.000000	  0.976171	  0.000000	  0.140627	 -0.677043	  0.169680	  0.085145	  0.115663	  0.094057	  0.009216	  0.010437	 18.768597	 18.834974	 18.661021	 18.780041
15:23:57 10-4-2026	1024.284505	  0.000000	  0.975347	  0.000000	  0.140932	 -0.679217	  0.169070	  0.094728	  0.115663	  0.100771	  0.011109	  0.009216	 18.764019	 18.823529	 18.656443	 18.780041
15:23:58 10-4-2026	1022.829556	  0.000000	  0.976171	  0.000000	  0.141115	 -0.679332	  0.170481	  0.091859	  0.115541	  0.088319	  0.009339	  0.012207	 18.764019	 18.828107	 18.649577	 18.786908
15:23:59 10-4-2026	1024.284505	  0.000000	  0.976171	  0.000000	  0.140505	 -0.677043	  0.169871	  0.088685	  0.115541	  0.096925	  0.009033	  0.010925	 18.764019	 18.823529	 18.661021	 18.775463
15:24:00 10-4-2026	1022.829556	  0.000000	  0.976171	  0.000000	  0.140505	 -0.682612	  0.168994	  0.100587	  0.115663	  0.093263	  0.009339	  0.010132	 18.757153	 18.828107	 18.656443	 18.775463
15:24:01 10-4-2026	1022.829556	  0.000000	  0.976721	  0.000000	  0.141604	 -0.683299	  0.170977	  0.107607	  0.115541	  0.091859	  0.010010	  0.010620	 18.757153	 18.828107	 18.656443	 18.775463
15:24:02 10-4-2026	1022.829556	  0.000000	  0.976721	  0.000000	  0.140322	 -0.676661	  0.169795	  0.097902	  0.115541	  0.085023	  0.008850	  0.010132	 18.768597	 18.828107	 18.656443	 18.780041
15:24:03 10-4-2026	1022.829556	  0.000000	  0.976171	  0.000000	  0.142702	 -0.675441	  0.169299	  0.076905	  0.115541	  0.095338	  0.009644	  0.010437	 18.764019	 18.834974	 18.656443	 18.786908
15:24:04 10-4-2026	1022.829556	  0.000000	  0.976721	  0.000000	  0.141299	 -0.683795	  0.170062	  0.112001	  0.115846	  0.102174	  0.009522	  0.011109	 18.780041	 18.828107	 18.649577	 18.780041
15:24:05 10-4-2026	1022.829556	  0.000000	  0.976171	  0.000000	  0.141299	 -0.673762	  0.170558	  0.102968	  0.115663	  0.081361	  0.008850	  0.010925	 18.764019	 18.834974	 18.649577	 18.780041
15:24:06 10-4-2026	1021.378734	  0.000000	  0.976171	  0.000000	  0.140139	 -0.669986	  0.168688	  0.079469	  0.115358	  0.092470	  0.009827	  0.010437	 18.768597	 18.828107	 18.656443	 18.786908
15:24:07 10-4-2026	1022.829556	  0.000000	  0.976171	  0.000000	  0.140810	 -0.675937	  0.170176	  0.109194	  0.115541	  0.101991	  0.010803	  0.009522	 18.768597	 18.834974	 18.649577	 18.780041
15:24:08 10-4-2026	1021.378734	  0.000000	  0.976171	  0.000000	  0.141604	 -0.678531	  0.170481	  0.110414	  0.115663	  0.081361	  0.008057	  0.012024	 18.768597	 18.834974	 18.656443	 18.793774
15:24:09 10-4-2026	1021.378734	  0.000000	  0.976171	  0.000000	  0.141726	 -0.669184	  0.168688	  0.070680	  0.115541	  0.088502	  0.009033	  0.009644	 18.775463	 18.828107	 18.656443	 18.780041
15:24:10 10-4-2026	1022.829556	  0.000000	  0.976171	  0.000000	  0.142214	 -0.674678	  0.170291	  0.115053	  0.115541	  0.108522	  0.010010	  0.010132	 18.764019	 18.834974	 18.661021	 18.780041
15:24:11 10-4-2026	1022.829556	  0.000000	  0.972601	  0.000000	  0.142092	 -0.672160	  0.170291	  0.105043	  0.115663	  0.087098	  0.009216	  0.010315	 18.775463	 18.828107	 18.656443	 18.780041
15:24:12 10-4-2026	1022.829556	  0.000000	  0.971777	  0.000000	  0.141604	 -0.677424	  0.169299	  0.074525	  0.115663	  0.081178	  0.009033	  0.010132	 18.775463	 18.841840	 18.656443	 18.786908
15:24:13 10-4-2026	1021.378734	  0.000000	  0.971777	  0.000000	  0.141421	 -0.677348	  0.169871	  0.095521	  0.115663	  0.103151	  0.010010	  0.009644	 18.768597	 18.823529	 18.656443	 18.768597
15:24:14 10-4-2026	1019.932022	  0.000000	  0.970953	  0.000000	  0.142580	 -0.679637	  0.170062	  0.101381	  0.115663	  0.084047	  0.009216	  0.011231	 18.775463	 18.828107	 18.656443	 18.786908
15:24:15 10-4-2026	1021.378734	  0.000000	  0.971777	  0.000000	  0.141604	 -0.675059	  0.169795	  0.087404	  0.115663	  0.089296	  0.008850	  0.011414	 18.775463	 18.834974	 18.656443	 18.786908
15:24:16 10-4-2026	1022.829556	  0.000000	  0.971777	  0.000000	  0.142214	 -0.673190	  0.169299	  0.096315	  0.115541	  0.106813	  0.009522	  0.009522	 18.764019	 18.834974	 18.661021	 18.786908
15:24:17 10-4-2026	1021.378734	  0.000000	  0.971777	  0.000000	  0.142702	 -0.675059	  0.169490	  0.104372	  0.115663	  0.088502	  0.010010	  0.010315	 18.764019	 18.834974	 18.679332	 18.786908
15:24:18 10-4-2026	1024.284505	  0.000000	  0.971777	  0.000000	  0.140932	 -0.675364	  0.169871	  0.079469	  0.115663	  0.081666	  0.009339	  0.010010	 18.768597	 18.834974	 18.656443	 18.786908
15:24:19 10-4-2026	1040.566484	  0.000000	  0.971777	  0.000000	  0.140932	 -0.674754	  0.169375	  0.092470	  0.115663	  0.093446	  0.008850	  0.010803	 18.780041	 18.834974	 18.656443	 18.786908
15:24:20 10-4-2026	1084.445794	  0.000000	  0.975347	  0.000000	  0.143008	 -0.671969	  0.169490	  0.093935	  0.115663	  0.093141	  0.009522	  0.010803	 18.768597	 18.834974	 18.667887	 18.780041
15:24:21 10-4-2026	1137.554514	  0.000000	  0.976171	  0.000000	  0.141421	 -0.681315	  0.170481	  0.095155	  0.115663	  0.085145	  0.008240	  0.010437	 18.764019	 18.834974	 18.661021	 18.780041
15:24:22 10-4-2026	1022.829556	  0.000000	  0.976171	  0.000000	  0.142580	 -0.672770	  0.168994	  0.075807	  0.115541	  0.094362	  0.009339	  0.010132	 18.775463	 18.841840	 18.667887	 18.786908
15:24:23 10-4-2026	1021.378734	  0.000000	  0.976721	  0.000000	  0.141421	 -0.679332	  0.168879	  0.113283	  0.115846	  0.095521	  0.010132	  0.010803	 18.768597	 18.834974	 18.661021	 18.793774
15:24:24 10-4-2026	1021.378734	  0.000000	  0.976171	  0.000000	  0.140627	 -0.671893	  0.170558	  0.109499	  0.115663	  0.086915	  0.008850	  0.010437	 18.768597	 18.834974	 18.667887	 18.786908
15:24:25 10-4-2026	1022.829556	  0.000000	  0.976171	  0.000000	  0.141726	 -0.672465	  0.169299	  0.081056	  0.115541	  0.086122	  0.009033	  0.010132	 18.768597	 18.834974	 18.656443	 18.775463
15:24:26 10-4-2026	1022.829556	  0.000000	  0.976171	  0.000000	  0.141604	 -0.678340	  0.170367	  0.100282	  0.115663	  0.095155	  0.009216	  0.010925	 18.775463	 18.834974	 18.656443	 18.793774
15:24:27 10-4-2026	1022.829556	  0.000000	  0.976171	  0.000000	  0.141421	 -0.672656	  0.170481	  0.115053	  0.115846	  0.082155	  0.008057	  0.011414	 18.768597	 18.828107	 18.661021	 18.786908
15:24:28 10-4-2026	1021.378734	  0.000000	  0.976171	  0.000000	  0.140627	 -0.671588	  0.168879	  0.071168	  0.115541	  0.087221	  0.010803	  0.009339	 18.768597	 18.841840	 18.656443	 18.793774
15:24:29 10-4-2026	1022.829556	  0.000000	  0.976171	  0.000000	  0.141115	 -0.676852	  0.170176	  0.092348	  0.115663	  0.102785	  0.008423	  0.011719	 18.768597	 18.841840	 18.661021	 18.780041
15:24:30 10-4-2026	1021.378734	  0.000000	  0.972601	  0.000000	  0.141726	 -0.666896	  0.170863	  0.107424	  0.115846	  0.081483	  0.009339	  0.010437	 18.768597	 18.834974	 18.656443	 18.780041
15:24:31 10-4-2026	1021.378734	  0.000000	  0.971777	  0.000000	  0.141604	 -0.670291	  0.169299	  0.075135	  0.115541	  0.083253	  0.009644	  0.010437	 18.768597	 18.834974	 18.661021	 18.786908
15:24:32 10-4-2026	1022.829556	  0.000000	  0.971777	  0.000000	  0.141299	 -0.670901	  0.170291	  0.114443	  0.115846	  0.099977	  0.009827	  0.010010	 18.768597	 18.841840	 18.656443	 18.786908
15:24:33 10-4-2026	1024.284505	  0.000000	  0.972601	  0.000000	  0.142214	 -0.676242	  0.170176	  0.103151	  0.115663	  0.082765	  0.010803	  0.009216	 18.768597	 18.841840	 18.661021	 18.780041
15:24:34 10-4-2026	1022.829556	  0.000000	  0.975347	  0.000000	  0.141299	 -0.681697	  0.169490	  0.076600	  0.115663	  0.080568	  0.009033	  0.010010	 18.775463	 18.828107	 18.661021	 18.793774
15:24:35 10-4-2026	1022.829556	  0.000000	  0.976171	  0.000000	  0.141115	 -0.670787	  0.169490	  0.095155	  0.115663	  0.101564	  0.009033	  0.010925	 18.775463	 18.834974	 18.661021	 18.812085
15:24:36 10-4-2026	1022.829556	  0.000000	  0.976171	  0.000000	  0.142092	 -0.677539	  0.170291	  0.123964	  0.115846	  0.084840	  0.009339	  0.011231	 18.798352	 18.834974	 18.661021	 18.786908
15:24:37 10-4-2026	1021.378734	  0.000000	  0.976721	  0.000000	  0.141604	 -0.673190	  0.170062	  0.084840	  0.115663	  0.081361	  0.009033	  0.010010	 18.768597	 18.834974	 18.649577	 18.786908
15:24:38 10-4-2026	1024.284505	  0.000000	  0.976171	  0.000000	  0.141299	 -0.675174	  0.168994	  0.093568	  0.115663	  0.096437	  0.009644	  0.010132	 18.786908	 18.841840	 18.656443	 18.780041
15:24:39 10-4-2026	1022.829556	  0.000000	  0.976171	  0.000000	  0.142214	 -0.679828	  0.169795	  0.106142	  0.115846	  0.096437	  0.008850	  0.011719	 18.768597	 18.841840	 18.667887	 18.780041
15:24:40 10-4-2026	1024.284505	  0.000000	  0.976171	  0.000000	  0.141909	 -0.682612	  0.170291	  0.103944	  0.116030	  0.085023	  0.009339	  0.010010	 18.768597	 18.841840	 18.656443	 18.786908
15:24:41 10-4-2026	1022.829556	  0.000000	  0.976171	  0.000000	  0.141115	 -0.671893	  0.169566	  0.088991	  0.116030	  0.101198	  0.008240	  0.011719	 18.768597	 18.841840	 18.661021	 18.786908
15:24:42 10-4-2026	1022.829556	  0.000000	  0.976171	  0.000000	  0.141909	 -0.672656	  0.169490	  0.098695	  0.116030	  0.101564	  0.010437	  0.010010	 18.775463	 18.841840	 18.656443	 18.786908
15:24:43 10-4-2026	1031.621787	  0.000000	  0.976171	  0.000000	  0.141726	 -0.668803	  0.170977	  0.099306	  0.116030	  0.084230	  0.008850	  0.011109	 18.775463	 18.828107	 18.661021	 18.786908
15:24:44 10-4-2026	1071.535725	  0.000000	  0.975347	  0.000000	  0.142397	 -0.677424	  0.168574	  0.080568	  0.115846	  0.092348	  0.008850	  0.010803	 18.764019	 18.834974	 18.656443	 18.798352
15:24:45 10-4-2026	1121.607488	  0.000000	  0.976171	  0.000000	  0.141299	 -0.674945	  0.168994	  0.087892	  0.116030	  0.097414	  0.009339	  0.011109	 18.775463	 18.841840	 18.661021	 18.786908
15:24:46 10-4-2026	1022.829556	  0.000000	  0.976171	  0.000000	  0.140505	 -0.676852	  0.171054	  0.107607	  0.115846	  0.095033	  0.009827	  0.010925	 18.768597	 18.846418	 18.661021	 18.798352
15:24:47 10-4-2026	1021.378734	  0.000000	  0.976171	  0.000000	  0.141726	 -0.666896	  0.168994	  0.070863	  0.115663	  0.085023	  0.010620	  0.009827	 18.764019	 18.834974	 18.667887	 18.805219
15:24:48 10-4-2026	1025.743600	  0.000000	  0.976721	  0.000000	  0.140810	 -0.671473	  0.169299	  0.109316	  0.115846	  0.105837	  0.009827	  0.010925	 18.780041	 18.853285	 18.656443	 18.798352
15:24:49 10-4-2026	1024.284505	  0.000000	  0.976171	  0.000000	  0.141909	 -0.677157	  0.170481	  0.096742	  0.115846	  0.099489	  0.009827	  0.009644	 18.775463	 18.834974	 18.661021	 18.786908
15:24:50 10-4-2026	1021.378734	  0.000000	  0.976171	  0.000000	  0.140932	 -0.680514	  0.169871	  0.083131	  0.115846	  0.088319	  0.010315	  0.009339	 18.768597	 18.828107	 18.656443	 18.793774
15:24:51 10-4-2026	1021.378734	  0.000000	  0.976171	  0.000000	  0.140627	 -0.684482	  0.168879	  0.104067	  0.116030	  0.105531	  0.009644	  0.010925	 18.780041	 18.841840	 18.661021	 18.798352
15:24:52 10-4-2026	1022.829556	  0.000000	  0.976721	  0.000000	  0.141299	 -0.677729	  0.170672	  0.118410	  0.115846	  0.100099	  0.010437	  0.010803	 18.775463	 18.834974	 18.667887	 18.805219
15:24:53 10-4-2026	1024.284505	  0.000000	  0.976171	  0.000000	  0.141421	 -0.672961	  0.169795	  0.082338	  0.115846	  0.089113	  0.009644	  0.010620	 18.775463	 18.834974	 18.667887	 18.793774
15:24:54 10-4-2026	1022.829556	  0.000000	  0.976721	  0.000000	  0.141421	 -0.669795	  0.169566	  0.092775	  0.115663	  0.099611	  0.007752	  0.011719	 18.780041	 18.841840	 18.667887	 18.786908
15:24:55 10-4-2026	1019.932022	  0.000000	  0.976171	  0.000000	  0.141909	 -0.668193	  0.170062	  0.107912	  0.115846	  0.100771	  0.008423	  0.011719	 18.798352	 18.834974	 18.667887	 18.798352
15:24:56 10-4-2026	1024.284505	  0.000000	  0.976171	  0.000000	  0.141421	 -0.672580	  0.170481	  0.084718	  0.116152	  0.084047	  0.007935	  0.012207	 18.775463	 18.834974	 18.656443	 18.798352
15:24:57 10-4-2026	1022.829556	  0.000000	  0.976171	  0.000000	  0.142214	 -0.677157	  0.170291	  0.087892	  0.115846	  0.099001	  0.009216	  0.010010	 18.780041	 18.846418	 18.667887	 18.793774
15:24:58 10-4-2026	1021.378734	  0.000000	  0.974798	  0.000000	  0.141909	 -0.679141	  0.169299	  0.096742	  0.116030	  0.090761	  0.010010	  0.010315	 18.775463	 18.853285	 18.661021	 18.798352
15:24:59 10-4-2026	1024.284505	  0.000000	  0.971777	  0.000000	  0.142580	 -0.676165	  0.170672	  0.103944	  0.116152	  0.088502	  0.010315	  0.009644	 18.768597	 18.846418	 18.656443	 18.798352
15:25:00 10-4-2026	1021.378734	  0.000000	  0.970953	  0.000000	  0.140322	 -0.672580	  0.168879	  0.081971	  0.115846	  0.086305	  0.008240	  0.011414	 18.775463	 18.846418	 18.661021	 18.786908
15:25:01 10-4-2026	1022.829556	  0.000000	  0.971777	  0.000000	  0.140810	 -0.674678	  0.169070	  0.083558	  0.115663	  0.095949	  0.009033	  0.011414	 18.780041	 18.846418	 18.649577	 18.793774
15:25:02 10-4-2026	1022.829556	  0.000000	  0.971777	  0.000000	  0.142214	 -0.676242	  0.170558	  0.109499	  0.115846	  0.090761	  0.010010	  0.010315	 18.775463	 18.841840	 18.656443	 18.798352
15:25:03 10-4-2026	1021.378734	  0.000000	  0.971777	  0.000000	  0.141604	 -0.666400	  0.169184	  0.075624	  0.115846	  0.089967	  0.010315	  0.009339	 18.775463	 18.841840	 18.656443	 18.793774
15:25:04 10-4-2026	1021.378734	  0.000000	  0.976171	  0.000000	  0.141604	 -0.676242	  0.169070	  0.089967	  0.115846	  0.110903	  0.009216	  0.010803	 18.775463	 18.841840	 18.656443	 18.786908
15:25:05 10-4-2026	1021.378734	  0.000000	  0.976171	  0.000000	  0.140810	 -0.672160	  0.170977	  0.102358	  0.116030	  0.093263	  0.009644	  0.011109	 18.780041	 18.853285	 18.656443	 18.805219
15:25:06 10-4-2026	1021.378734	  0.000000	  0.976171	  0.000000	  0.142214	 -0.666819	  0.169566	  0.073548	  0.116030	  0.085817	  0.009644	  0.009827	 18.780041	 18.834974	 18.656443	 18.798352
15:25:07 10-4-2026	1021.378734	  0.000000	  0.976721	  0.000000	  0.140810	 -0.667811	  0.169375	  0.082643	  0.116030	  0.103456	  0.009522	  0.011109	 18.786908	 18.846418	 18.661021	 18.798352
15:25:08 10-4-2026	1062.053108	  0.000000	  0.976171	  0.000000	  0.141909	 -0.670481	  0.170176	  0.110597	  0.116030	  0.094545	  0.008850	  0.011231	 18.775463	 18.841840	 18.656443	 18.798352
15:25:09 10-4-2026	1106.101394	  0.000000	  0.976171	  0.000000	  0.142092	 -0.680629	  0.169986	  0.086122	  0.116030	  0.081666	  0.009827	  0.010132	 18.780041	 18.834974	 18.667887	 18.798352
15:25:10 10-4-2026	1022.829556	  0.000000	  0.976171	  0.000000	  0.141909	 -0.679217	  0.169795	  0.073854	  0.116030	  0.108705	  0.009522	  0.010010	 18.780041	 18.841840	 18.656443	 18.793774
15:25:11 10-4-2026	1022.829556	  0.000000	  0.976171	  0.000000	  0.140810	 -0.684710	  0.169986	  0.099306	  0.115846	  0.109316	  0.010315	  0.012024	 18.780041	 18.846418	 18.656443	 18.793774
15:25:12 10-4-2026	1019.932022	  0.000000	  0.976721	  0.000000	  0.141604	 -0.673266	  0.170367	  0.090883	  0.116030	  0.083925	  0.010315	  0.010315	 18.780041	 18.841840	 18.661021	 18.798352
15:25:13 10-4-2026	1022.829556	  0.000000	  0.976721	  0.000000	  0.141604	 -0.671397	  0.169795	  0.088991	  0.115846	  0.098512	  0.008545	  0.010437	 18.775463	 18.846418	 18.679332	 18.805219
15:25:14 10-4-2026	1019.932022	  0.000000	  0.976171	  0.000000	  0.142580	 -0.673457	  0.169795	  0.084352	  0.115846	  0.106813	  0.010010	  0.010315	 18.775463	 18.846418	 18.661021	 18.798352
15:25:15 10-4-2026	1022.829556	  0.000000	  0.976171	  0.000000	  0.141299	 -0.669604	  0.170291	  0.090089	  0.116030	  0.087709	  0.010437	  0.010010	 18.780041	 18.841840	 18.679332	 18.793774
15:25:16 10-4-2026	1022.829556	  0.000000	  0.976171	  0.000000	  0.142092	 -0.671969	  0.169871	  0.081483	  0.116152	  0.095155	  0.009033	  0.009827	 18.775463	 18.846418	 18.661021	 18.805219
15:25:17 10-4-2026	1021.378734	  0.000000	  0.976171	  0.000000	  0.140810	 -0.681010	  0.169566	  0.089601	  0.115846	  0.100893	  0.010132	  0.011231	 18.768597	 18.846418	 18.667887	 18.798352
15:25:18 10-4-2026	1022.829556	  0.000000	  0.976721	  0.000000	  0.141421	 -0.655985	  0.171168	  0.102480	  0.116030	  0.099184	  0.010437	  0.009033	 18.786908	 18.834974	 18.674754	 18.798352
15:25:19 10-4-2026	1022.829556	  0.000000	  0.976171	  0.000000	  0.141604	 -0.678225	  0.170291	  0.091188	  0.115663	  0.093568	  0.009339	  0.011109	 18.775463	 18.846418	 18.656443	 18.793774
15:25:20 10-4-2026	1022.829556	  0.000000	  0.976721	  0.000000	  0.141115	 -0.685206	  0.169184	  0.080690	  0.115846	  0.092653	  0.009216	  0.010925	 18.786908	 18.841840	 18.656443	 18.798352
15:25:21 10-4-2026	1021.378734	  0.000000	  0.976171	  0.000000	  0.142092	 -0.681201	  0.171283	  0.107912	  0.116152	  0.097597	  0.009644	  0.010437	 18.786908	 18.841840	 18.661021	 18.798352
15:25:22 10-4-2026	1022.829556	  0.000000	  0.976171	  0.000000	  0.140810	 -0.680018	  0.170863	  0.074830	  0.115846	  0.097108	  0.009033	  0.011414	 18.780041	 18.846418	 18.661021	 18.798352
15:25:23 10-4-2026	1022.829556	  0.000000	  0.976171	  0.000000	  0.141604	 -0.677157	  0.169795	  0.080262	  0.116030	  0.094545	  0.010315	  0.010315	 18.786908	 18.846418	 18.661021	 18.805219
15:25:24 10-4-2026	1022.829556	  0.000000	  0.976171	  0.000000	  0.141604	 -0.676928	  0.170481	  0.105043	  0.116152	  0.102663	  0.009522	  0.010925	 18.793774	 18.853285	 18.661021	 18.793774
15:25:25 10-4-2026	1021.378734	  0.000000	  0.976171	  0.000000	  0.142580	 -0.676852	  0.171168	  0.080385	  0.116152	  0.082460	  0.010437	  0.010010	 18.786908	 18.846418	 18.661021	 18.805219
15:25:26 10-4-2026	1022.829556	  0.000000	  0.976721	  0.000000	  0.140932	 -0.668421	  0.169375	  0.077882	  0.116152	  0.085512	  0.010925	  0.008850	 18.780041	 18.846418	 18.661021	 18.793774
15:25:27 10-4-2026	1021.378734	  0.000000	  0.976171	  0.000000	  0.140322	 -0.677157	  0.170176	  0.106325	  0.116152	  0.098512	  0.009522	  0.010620	 18.786908	 18.846418	 18.661021	 18.798352
15:25:28 10-4-2026	1022.829556	  0.000000	  0.976171	  0.000000	  0.142092	 -0.673953	  0.170977	  0.083742	  0.116030	  0.084047	  0.009033	  0.010437	 18.786908	 18.846418	 18.661021	 18.798352
15:25:29 10-4-2026	1022.829556	  0.000000	  0.976171	  0.000000	  0.140810	 -0.679217	  0.169566	  0.075319	  0.116030	  0.084230	  0.010132	  0.009644	 18.780041	 18.846418	 18.661021	 18.805219
15:25:30 10-4-2026	1021.378734	  0.000000	  0.976171	  0.000000	  0.142092	 -0.664149	  0.170176	  0.096437	  0.116030	  0.109621	  0.009644	  0.010803	 18.786908	 18.846418	 18.661021	 18.798352
15:25:31 10-4-2026	1022.829556	  0.000000	  0.976171	  0.000000	  0.141299	 -0.675746	  0.170481	  0.091188	  0.116335	  0.091981	  0.009644	  0.010437	 18.780041	 18.841840	 18.667887	 18.805219
15:25:32 10-4-2026	1046.616290	  0.000000	  0.976171	  0.000000	  0.142092	 -0.672885	  0.169986	  0.080873	  0.116152	  0.102480	  0.009644	  0.009644	 18.786908	 18.864729	 18.661021	 18.798352
15:25:33 10-4-2026	1089.367636	  0.000000	  0.976721	  0.000000	  0.141909	 -0.666896	  0.169680	  0.090394	  0.116335	  0.110109	  0.008850	  0.011231	 18.786908	 18.841840	 18.661021	 18.805219
15:25:34 10-4-2026	1139.354442	  0.000000	  0.976171	  0.000000	  0.141421	 -0.678836	  0.170977	  0.092958	  0.116152	  0.088808	  0.010132	  0.010620	 18.786908	 18.853285	 18.661021	 18.798352
15:25:35 10-4-2026	1021.378734	  0.000000	  0.976171	  0.000000	  0.141604	 -0.682727	  0.170291	  0.082338	  0.116152	  0.092348	  0.009033	  0.010132	 18.786908	 18.857862	 18.656443	 18.805219
15:25:36 10-4-2026	1021.378734	  0.000000	  0.976721	  0.000000	  0.139834	 -0.673457	  0.169680	  0.098695	  0.116152	  0.100771	  0.009216	  0.010620	 18.786908	 18.846418	 18.661021	 18.805219
15:25:37 10-4-2026	1019.932022	  0.000000	  0.976171	  0.000000	  0.140932	 -0.665522	  0.171168	  0.095827	  0.116335	  0.092958	  0.008728	  0.010803	 18.780041	 18.864729	 18.667887	 18.805219
15:25:38 10-4-2026	1021.378734	  0.000000	  0.976171	  0.000000	  0.141726	 -0.672084	  0.170481	  0.088014	  0.116335	  0.091066	  0.009216	  0.010620	 18.775463	 18.841840	 18.661021	 18.786908
15:25:39 10-4-2026	1021.378734	  0.000000	  0.976171	  0.000000	  0.140932	 -0.669909	  0.169375	  0.091188	  0.116152	  0.103151	  0.009522	  0.009644	 18.793774	 18.846418	 18.656443	 18.793774
15:25:40 10-4-2026	1021.378734	  0.000000	  0.976171	  0.000000	  0.141604	 -0.681697	  0.170863	  0.099306	  0.116152	  0.094362	  0.009339	  0.010925	 18.786908	 18.853285	 18.667887	 18.805219
15:25:41 10-4-2026	1021.378734	  0.000000	  0.976171	  0.000000	  0.141604	 -0.671397	  0.171168	  0.101198	  0.116030	  0.087098	  0.009339	  0.010315	 18.780041	 18.857862	 18.661021	 18.805219
15:25:42 10-4-2026	1024.284505	  0.000000	  0.976721	  0.000000	  0.141299	 -0.672465	  0.169299	  0.085817	  0.116152	  0.093141	  0.009522	  0.011109	 18.786908	 18.853285	 18.661021	 18.798352
15:25:43 10-4-2026	1021.378734	  0.000000	  0.976171	  0.000000	  0.142214	 -0.672961	  0.171054	  0.107118	  0.116152	  0.094362	  0.009827	  0.010315	 18.786908	 18.853285	 18.661021	 18.798352
15:25:44 10-4-2026	1021.378734	  0.000000	  0.976171	  0.000000	  0.140932	 -0.672084	  0.170863	  0.102174	  0.116335	  0.080873	  0.008240	  0.010803	 18.786908	 18.846418	 18.667887	 18.805219
15:25:45 10-4-2026	1022.829556	  0.000000	  0.976721	  0.000000	  0.140932	 -0.679522	  0.169566	  0.080385	  0.116335	  0.086305	  0.009216	  0.010925	 18.793774	 18.846418	 18.661021	 18.812085
15:25:46 10-4-2026	1022.829556	  0.000000	  0.976171	  0.000000	  0.141604	 -0.673686	  0.170787	  0.102663	  0.116152	  0.102663	  0.009033	  0.010925	 18.786908	 18.853285	 18.667887	 18.805219
15:25:47 10-4-2026	1024.284505	  0.000000	  0.976171	  0.000000	  0.141909	 -0.672885	  0.171283	  0.103578	  0.116335	  0.079896	  0.009216	  0.010925	 18.793774	 18.864729	 18.656443	 18.805219
15:25:48 10-4-2026	1021.378734	  0.000000	  0.976171	  0.000000	  0.142214	 -0.675669	  0.169871	  0.078676	  0.116335	  0.082765	  0.009339	  0.010803	 18.786908	 18.853285	 18.674754	 18.812085
15:25:49 10-4-2026	1019.932022	  0.000000	  0.976721	  0.000000	  0.141909	 -0.674372	  0.170291	  0.106020	  0.116335	  0.091859	  0.008423	  0.011719	 18.780041	 18.853285	 18.667887	 18.805219
15:25:50 10-4-2026	1021.378734	  0.000000	  0.976171	  0.000000	  0.142092	 -0.676165	  0.170977	  0.109316	  0.116335	  0.085328	  0.010315	  0.010010	 18.786908	 18.853285	 18.667887	 18.805219
15:25:51 10-4-2026	1022.829556	  0.000000	  0.976171	  0.000000	  0.140810	 -0.669909	  0.169795	  0.076417	  0.116152	  0.083742	  0.009339	  0.010315	 18.793774	 18.853285	 18.674754	 18.805219
15:25:52 10-4-2026	1022.829556	  0.000000	  0.976171	  0.000000	  0.142092	 -0.671969	  0.169795	  0.096620	  0.116152	  0.095521	  0.008728	  0.011231	 18.786908	 18.853285	 18.661021	 18.816663
15:25:53 10-4-2026	1021.378734	  0.000000	  0.976721	  0.000000	  0.140932	 -0.676051	  0.170481	  0.097719	  0.116335	  0.092958	  0.009522	  0.011231	 18.793774	 18.864729	 18.667887	 18.805219
15:25:54 10-4-2026	1021.378734	  0.000000	  0.976171	  0.000000	  0.140932	 -0.678454	  0.170977	  0.083131	  0.116335	  0.084718	  0.009644	  0.010620	 18.780041	 18.853285	 18.674754	 18.812085
15:25:55 10-4-2026	1021.378734	  0.000000	  0.976171	  0.000000	  0.142092	 -0.674258	  0.169680	  0.095033	  0.116152	  0.100893	  0.009644	  0.010803	 18.793774	 18.857862	 18.667887	 18.812085
15:25:56 10-4-2026	1028.674296	  0.000000	  0.976171	  0.000000	  0.142092	 -0.674754	  0.170291	  0.102663	  0.116335	  0.085512	  0.008728	  0.011231	 18.793774	 18.857862	 18.667887	 18.812085
15:25:57 10-4-2026	1071.535725	  0.000000	  0.976721	  0.000000	  0.140627	 -0.672274	  0.171054	  0.090883	  0.116335	  0.084352	  0.007935	  0.011414	 18.798352	 18.864729	 18.661021	 18.812085
15:25:58 10-4-2026	1119.863153	  0.000000	  0.976171	  0.000000	  0.140627	 -0.673762	  0.169184	  0.079896	  0.116152	  0.102174	  0.009827	  0.009522	 18.793774	 18.853285	 18.667887	 18.805219
15:25:59 10-4-2026	1024.284505	  0.000000	  0.976171	  0.000000	  0.142214	 -0.671664	  0.169795	  0.107118	  0.116457	  0.092470	  0.009644	  0.010620	 18.793774	 18.857862	 18.661021	 18.805219
15:26:00 10-4-2026	1024.284505	  0.000000	  0.976171	  0.000000	  0.142214	 -0.683795	  0.170787	  0.101991	  0.116457	  0.089113	  0.009339	  0.011414	 18.793774	 18.864729	 18.661021	 18.823529
15:26:01 10-4-2026	1022.829556	  0.000000	  0.976721	  0.000000	  0.141421	 -0.677157	  0.169566	  0.081483	  0.116152	  0.094545	  0.009827	  0.009339	 18.786908	 18.857862	 18.661021	 18.812085
15:26:02 10-4-2026	1022.829556	  0.000000	  0.976171	  0.000000	  0.139712	 -0.680209	  0.169490	  0.105348	  0.116335	  0.095949	  0.010315	  0.010437	 18.793774	 18.853285	 18.667887	 18.812085
15:26:03 10-4-2026	1022.829556	  0.000000	  0.976171	  0.000000	  0.141604	 -0.674067	  0.171168	  0.103273	  0.116457	  0.085512	  0.008728	  0.010803	 18.786908	 18.853285	 18.661021	 18.816663
15:26:04 10-4-2026	1019.932022	  0.000000	  0.976171	  0.000000	  0.141299	 -0.669490	  0.170176	  0.078004	  0.116457	  0.087404	  0.009339	  0.010132	 18.793774	 18.857862	 18.661021	 18.805219
15:26:05 10-4-2026	1021.378734	  0.000000	  0.976171	  0.000000	  0.142885	 -0.681811	  0.170863	  0.107240	  0.116335	  0.104555	  0.009644	  0.010803	 18.793774	 18.864729	 18.674754	 18.798352
15:26:06 10-4-2026	1021.378734	  0.000000	  0.976171	  0.000000	  0.141421	 -0.682994	  0.170863	  0.100099	  0.116457	  0.092164	  0.009216	  0.010925	 18.793774	 18.857862	 18.667887	 18.805219
15:26:07 10-4-2026	1022.829556	  0.000000	  0.976171	  0.000000	  0.140932	 -0.675059	  0.169871	  0.079469	  0.116457	  0.088014	  0.010010	  0.009644	 18.786908	 18.853285	 18.661021	 18.798352
15:26:08 10-4-2026	1021.378734	  0.000000	  0.976171	  0.000000	  0.140932	 -0.675669	  0.169986	  0.095155	  0.116335	  0.101381	  0.008545	  0.010803	 18.793774	 18.857862	 18.667887	 18.812085
15:26:09 10-4-2026	1021.378734	  0.000000	  0.976721	  0.000000	  0.141421	 -0.675364	  0.170863	  0.112001	  0.116335	  0.092653	  0.009522	  0.010315	 18.786908	 18.864729	 18.667887	 18.812085
15:26:10 10-4-2026	1022.829556	  0.000000	  0.976171	  0.000000	  0.140505	 -0.673381	  0.170481	  0.096132	  0.116457	  0.078187	  0.009644	  0.011109	 18.793774	 18.864729	 18.661021	 18.816663
15:26:11 10-4-2026	1022.829556	  0.000000	  0.976171	  0.000000	  0.141421	 -0.674067	  0.169795	  0.103578	  0.116457	  0.096925	  0.008850	  0.011109	 18.786908	 18.857862	 18.679332	 18.805219
15:26:12 10-4-2026	1021.378734	  0.000000	  0.976171	  0.000000	  0.141299	 -0.667811	  0.170787	  0.099611	  0.116335	  0.093935	  0.009216	  0.010620	 18.780041	 18.864729	 18.661021	 18.805219
15:26:13 10-4-2026	1022.829556	  0.000000	  0.976721	  0.000000	  0.141726	 -0.673686	  0.170787	  0.089296	  0.116335	  0.083925	  0.009216	  0.010803	 18.798352	 18.857862	 18.686198	 18.812085
15:26:14 10-4-2026	1022.829556	  0.000000	  0.976721	  0.000000	  0.142214	 -0.671969	  0.169680	  0.093935	  0.116457	  0.097230	  0.009644	  0.010437	 18.793774	 18.864729	 18.667887	 18.812085
15:26:15 10-4-2026	1019.932022	  0.000000	  0.976171	  0.000000	  0.142214	 -0.684596	  0.170062	  0.101381	  0.116457	  0.100893	  0.009216	  0.011902	 18.798352	 18.857862	 18.667887	 18.812085
15:26:16 10-4-2026	1021.378734	  0.000000	  0.976171	  0.000000	  0.140505	 -0.681430	  0.170977	  0.091676	  0.116457	  0.085023	  0.008728	  0.010803	 18.798352	 18.864729	 18.667887	 18.812085
15:26:17 10-4-2026	1019.932022	  0.000000	  0.976171	  0.000000	  0.141299	 -0.673953	  0.169299	  0.097108	  0.116640	  0.099794	  0.009033	  0.010437	 18.786908	 18.853285	 18.661021	 18.805219
15:26:18 10-4-2026	1022.829556	  0.000000	  0.976171	  0.000000	  0.142885	 -0.677234	  0.169566	  0.093568	  0.116640	  0.093935	  0.009339	  0.011719	 18.786908	 18.853285	 18.661021	 18.812085
15:26:19 10-4-2026	1025.743600	  0.000000	  0.976721	  0.000000	  0.141299	 -0.673457	  0.170977	  0.102663	  0.116640	  0.079896	  0.009522	  0.010620	 18.793774	 18.853285	 18.667887	 18.812085
15:26:20 10-4-2026	1021.378734	  0.000000	  0.976171	  0.000000	  0.140505	 -0.674868	  0.169375	  0.085512	  0.116640	  0.095155	  0.010803	  0.008728	 18.786908	 18.853285	 18.661021	 18.812085
15:26:21 10-4-2026	1055.824057	  0.000000	  0.976171	  0.000000	  0.141909	 -0.685283	  0.169871	  0.092348	  0.116640	  0.095827	  0.009216	  0.011414	 18.793774	 18.857862	 18.674754	 18.816663
15:26:22 10-4-2026	1101.027534	  0.000000	  0.976171	  0.000000	  0.142580	 -0.679332	  0.171168	  0.106142	  0.116640	  0.098390	  0.009644	  0.010010	 18.793774	 18.857862	 18.674754	 18.816663
15:26:23 10-4-2026	1021.378734	  0.000000	  0.976171	  0.000000	  0.141421	 -0.678035	  0.169795	  0.084840	  0.116335	  0.085634	  0.010315	  0.009033	 18.793774	 18.871595	 18.661021	 18.823529
15:26:24 10-4-2026	1019.932022	  0.000000	  0.976721	  0.000000	  0.141909	 -0.673877	  0.169795	  0.108400	  0.116457	  0.097597	  0.010132	  0.009522	 18.786908	 18.871595	 18.667887	 18.823529
15:26:25 10-4-2026	1022.829556	  0.000000	  0.976171	  0.000000	  0.141604	 -0.674182	  0.171283	  0.109194	  0.116457	  0.086427	  0.009522	  0.010620	 18.798352	 18.871595	 18.667887	 18.816663
15:26:26 10-4-2026	1022.829556	  0.000000	  0.976171	  0.000000	  0.141299	 -0.677958	  0.170176	  0.083253	  0.116457	  0.081666	  0.010010	  0.010010	 18.793774	 18.864729	 18.661021	 18.816663
15:26:27 10-4-2026	1022.829556	  0.000000	  0.976171	  0.000000	  0.141909	 -0.680018	  0.170062	  0.103456	  0.116640	  0.099306	  0.009827	  0.010803	 18.793774	 18.857862	 18.674754	 18.828107
15:26:28 10-4-2026	1022.829556	  0.000000	  0.976171	  0.000000	  0.140322	 -0.688754	  0.171054	  0.113771	  0.116640	  0.101381	  0.009644	  0.010803	 18.793774	 18.864729	 18.667887	 18.812085
15:26:29 10-4-2026	1021.378734	  0.000000	  0.976721	  0.000000	  0.140932	 -0.678454	  0.170291	  0.079469	  0.116640	  0.082338	  0.009827	  0.011109	 18.798352	 18.853285	 18.661021	 18.834974
15:26:30 10-4-2026	1021.378734	  0.000000	  0.976171	  0.000000	  0.140322	 -0.673457	  0.170176	  0.099001	  0.116457	  0.100282	  0.008728	  0.011414	 18.798352	 18.864729	 18.667887	 18.816663
15:26:31 10-4-2026	1022.829556	  0.000000	  0.976721	  0.000000	  0.142214	 -0.675250	  0.170367	  0.106142	  0.116457	  0.100771	  0.010437	  0.010315	 18.798352	 18.864729	 18.674754	 18.805219
15:26:32 10-4-2026	1021.378734	  0.000000	  0.976171	  0.000000	  0.140810	 -0.684787	  0.170977	  0.083558	  0.116457	  0.087221	  0.009216	  0.010803	 18.805219	 18.864729	 18.661021	 18.823529
15:26:33 10-4-2026	1021.378734	  0.000000	  0.976721	  0.000000	  0.140932	 -0.679026	  0.170367	  0.092775	  0.116457	  0.096315	  0.010803	  0.009827	 18.798352	 18.857862	 18.656443	 18.816663
15:26:34 10-4-2026	1022.829556	  0.000000	  0.976171	  0.000000	  0.141299	 -0.675746	  0.169871	  0.103761	  0.116457	  0.103456	  0.009827	  0.010315	 18.798352	 18.864729	 18.661021	 18.805219
15:26:35 10-4-2026	1022.829556	  0.000000	  0.976171	  0.000000	  0.140627	 -0.673075	  0.171283	  0.104555	  0.116457	  0.088014	  0.008728	  0.010437	 18.793774	 18.871595	 18.667887	 18.816663
15:26:36 10-4-2026	1022.829556	  0.000000	  0.976721	  0.000000	  0.141115	 -0.671893	  0.168688	  0.097902	  0.116457	  0.090578	  0.009033	  0.010315	 18.793774	 18.857862	 18.667887	 18.816663
15:26:37 10-4-2026	1022.829556	  0.000000	  0.976171	  0.000000	  0.142214	 -0.677234	  0.169566	  0.094362	  0.116457	  0.092775	  0.009644	  0.010437	 18.793774	 18.864729	 18.667887	 18.816663
15:26:38 10-4-2026	1022.829556	  0.000000	  0.976171	  0.000000	  0.142702	 -0.677539	  0.171778	  0.099184	  0.116640	  0.086610	  0.010010	  0.010315	 18.798352	 18.864729	 18.667887	 18.812085
15:26:39 10-4-2026	1022.829556	  0.000000	  0.976171	  0.000000	  0.141299	 -0.681506	  0.169490	  0.078492	  0.116335	  0.092653	  0.009522	  0.010132	 18.798352	 18.857862	 18.661021	 18.816663
15:26:40 10-4-2026	1021.378734	  0.000000	  0.976171	  0.000000	  0.141421	 -0.685092	  0.169680	  0.083436	  0.116457	  0.104555	  0.009522	  0.010132	 18.798352	 18.864729	 18.667887	 18.823529
15:26:41 10-4-2026	1022.829556	  0.000000	  0.976171	  0.000000	  0.141421	 -0.673762	  0.171168	  0.111879	  0.116640	  0.089601	  0.010315	  0.010315	 18.798352	 18.864729	 18.674754	 18.816663
15:26:42 10-4-2026	1022.829556	  0.000000	  0.976721	  0.000000	  0.141421	 -0.673571	  0.170291	  0.073426	  0.116457	  0.081666	  0.008850	  0.011109	 18.798352	 18.857862	 18.674754	 18.816663
15:26:43 10-4-2026	1024.284505	  0.000000	  0.976171	  0.000000	  0.142092	 -0.682727	  0.170062	  0.083742	  0.116335	  0.105348	  0.010437	  0.010010	 18.798352	 18.864729	 18.667887	 18.816663
15:26:44 10-4-2026	1022.829556	  0.000000	  0.976171	  0.000000	  0.141726	 -0.682727	  0.171473	  0.106813	  0.116457	  0.100893	  0.009339	  0.011109	 18.798352	 18.864729	 18.667887	 18.823529
15:26:45 10-4-2026	1036.074831	  0.000000	  0.976171	  0.000000	  0.141421	 -0.676661	  0.170977	  0.083436	  0.116457	  0.080079	  0.009644	  0.010315	 18.793774	 18.864729	 18.686198	 18.816663
15:26:46 10-4-2026	1081.189200	  0.000000	  0.976171	  0.000000	  0.141115	 -0.676356	  0.169871	  0.078798	  0.116457	  0.093935	  0.009827	  0.009522	 18.798352	 18.864729	 18.667887	 18.828107
15:26:47 10-4-2026	1128.639510	  0.000000	  0.976171	  0.000000	  0.141299	 -0.672465	  0.170291	  0.104738	  0.116457	  0.103151	  0.010437	  0.010620	 18.793774	 18.864729	 18.674754	 18.816663
15:26:48 10-4-2026	1024.284505	  0.000000	  0.976171	  0.000000	  0.141604	 -0.683719	  0.170787	  0.098817	  0.116640	  0.087404	  0.009522	  0.010010	 18.786908	 18.864729	 18.667887	 18.816663
15:26:49 10-4-2026	1025.743600	  0.000000	  0.976171	  0.000000	  0.141115	 -0.673686	  0.170672	  0.084535	  0.116457	  0.104250	  0.010010	  0.009644	 18.812085	 18.857862	 18.667887	 18.816663
15:26:50 10-4-2026	1021.378734	  0.000000	  0.976171	  0.000000	  0.141421	 -0.672770	  0.170672	  0.098390	  0.116457	  0.104555	  0.010132	  0.010437	 18.798352	 18.864729	 18.686198	 18.816663
15:26:51 10-4-2026	1021.378734	  0.000000	  0.976171	  0.000000	  0.141115	 -0.667887	  0.171054	  0.096925	  0.116823	  0.084047	  0.010132	  0.009644	 18.798352	 18.871595	 18.667887	 18.816663
15:26:52 10-4-2026	1022.829556	  0.000000	  0.976171	  0.000000	  0.141299	 -0.679332	  0.171283	  0.086732	  0.116457	  0.098817	  0.009522	  0.010437	 18.798352	 18.871595	 18.679332	 18.823529
15:26:53 10-4-2026	1022.829556	  0.000000	  0.976171	  0.000000	  0.141604	 -0.684710	  0.170062	  0.098817	  0.116457	  0.100099	  0.009339	  0.010620	 18.798352	 18.871595	 18.667887	 18.816663
