Time            	RT01 (RPM)     	RT02 (RPM)    	FT01 (m3/h)   	FT02 (m3/h)   	PT01 (bar)    	PT02 (bar)    	PT03 (bar)    	PT04 (bar)    	PT05 (bar)    	PT06 (bar)    	PT07 (bar)    	PT08 (bar)    	TT01 (C)      	TT02 (C)      	TT03 (C)      	TT04 (C)      
15:28:42 10-4-2026	1025.743600	  0.000000	  0.000000	  0.000000	  0.142397	 -0.685092	  0.170672	  0.088808	  0.116945	  0.091981	  0.009522	  0.010803	 18.828107	 18.894484	 18.667887	 18.841840
15:28:43 10-4-2026	1024.284505	  0.000000	  0.000000	  0.000000	  0.142397	 -0.687076	  0.171855	  0.094240	  0.117250	  0.094057	  0.009339	  0.010620	 18.823529	 18.901350	 18.674754	 18.834974
15:28:44 10-4-2026	1025.743600	  0.000000	  0.000000	  0.000000	  0.142580	 -0.685893	  0.172045	  0.089784	  0.117128	  0.088502	  0.009339	  0.010437	 18.823529	 18.901350	 18.674754	 18.853285
15:28:45 10-4-2026	1025.743600	  0.000000	  0.000000	  0.000000	  0.142580	 -0.686275	  0.170863	  0.089784	  0.117128	  0.091371	  0.009339	  0.010315	 18.812085	 18.894484	 18.674754	 18.853285
15:28:46 10-4-2026	1028.674296	  0.000000	  0.000000	  0.000000	  0.142702	 -0.684787	  0.170863	  0.085512	  0.116945	  0.090578	  0.009339	  0.010803	 18.823529	 18.901350	 18.674754	 18.846418
15:28:47 10-4-2026	1028.674296	  0.000000	  0.000000	  0.000000	  0.143374	 -0.685283	  0.171969	  0.097108	  0.117433	  0.092348	  0.009339	  0.010315	 18.812085	 18.901350	 18.686198	 18.841840
15:28:48 10-4-2026	1025.743600	  0.000000	  0.000000	  0.000000	  0.143008	 -0.685969	  0.171778	  0.095033	  0.117250	  0.091188	  0.009339	  0.010620	 18.823529	 18.905928	 18.674754	 18.841840
15:28:49 10-4-2026	1060.488965	  0.000000	  0.000000	  0.000000	  0.142702	 -0.684405	  0.170672	  0.090089	  0.117128	  0.086915	  0.009339	  0.010437	 18.823529	 18.883040	 18.679332	 18.853285
15:28:50 10-4-2026	1027.206858	  0.000000	  0.000000	  0.000000	  0.142702	 -0.684215	  0.172045	  0.094362	  0.116945	  0.093141	  0.009339	  0.010437	 18.828107	 18.894484	 18.679332	 18.841840
15:28:51 10-4-2026	1025.743600	  0.000000	  0.000000	  0.000000	  0.142702	 -0.684977	  0.171283	  0.091371	  0.117128	  0.092348	  0.009644	  0.010437	 18.816663	 18.894484	 18.679332	 18.841840
15:28:52 10-4-2026	1027.206858	  0.000000	  0.000000	  0.000000	  0.142397	 -0.685473	  0.171550	  0.088991	  0.117250	  0.089479	  0.009522	  0.010620	 18.816663	 18.894484	 18.679332	 18.853285
15:28:53 10-4-2026	1024.284505	  0.000000	  0.000000	  0.000000	  0.142580	 -0.684482	  0.170062	  0.086427	  0.117128	  0.089967	  0.009033	  0.010803	 18.816663	 18.887617	 18.679332	 18.846418
15:28:54 10-4-2026	1027.206858	  0.000000	  0.000000	  0.000000	  0.142885	 -0.685092	  0.171283	  0.088808	  0.117128	  0.092164	  0.009216	  0.010620	 18.834974	 18.901350	 18.679332	 18.853285
15:28:55 10-4-2026	1024.284505	  0.000000	  0.000000	  0.000000	  0.142092	 -0.684901	  0.171473	  0.092164	  0.117250	  0.091981	  0.009339	  0.010620	 18.828107	 18.905928	 18.674754	 18.853285
15:28:56 10-4-2026	1024.284505	  0.000000	  0.000000	  0.000000	  0.142397	 -0.685473	  0.171473	  0.090394	  0.117128	  0.087709	  0.009339	  0.010803	 18.823529	 18.894484	 18.674754	 18.846418
15:28:57 10-4-2026	1024.284505	  0.000000	  0.000000	  0.000000	  0.142397	 -0.684291	  0.170672	  0.089296	  0.117128	  0.090883	  0.009216	  0.010437	 18.828107	 18.894484	 18.679332	 18.853285
15:28:58 10-4-2026	1025.743600	  0.000000	  0.000000	  0.000000	  0.142702	 -0.684710	  0.171550	  0.087892	  0.117250	  0.091188	  0.009033	  0.010620	 18.823529	 18.894484	 18.679332	 18.857862
15:28:59 10-4-2026	1042.072369	  0.000000	  0.000000	  0.000000	  0.142397	 -0.684596	  0.171054	  0.097230	  0.117433	  0.089784	  0.009216	  0.010620	 18.823529	 18.917372	 18.679332	 18.853285
15:29:00 10-4-2026	1027.206858	  0.000000	  0.000000	  0.000000	  0.142580	 -0.684482	  0.170558	  0.093263	  0.117128	  0.086427	  0.009339	  0.010437	 18.828107	 18.887617	 18.674754	 18.841840
15:29:01 10-4-2026	1027.206858	  0.000000	  0.000000	  0.000000	  0.142702	 -0.682918	  0.171359	  0.082155	  0.116945	  0.085939	  0.009033	  0.010620	 18.823529	 18.912795	 18.679332	 18.846418
15:29:02 10-4-2026	1025.743600	  0.000000	  0.000000	  0.000000	  0.142397	 -0.684482	  0.171054	  0.091371	  0.117128	  0.093141	  0.009216	  0.010620	 18.834974	 18.901350	 18.674754	 18.841840
15:29:03 10-4-2026	1025.743600	  0.000000	  0.000000	  0.000000	  0.142702	 -0.683909	  0.171969	  0.090272	  0.117250	  0.090883	  0.009522	  0.010620	 18.828107	 18.901350	 18.686198	 18.846418
15:29:04 10-4-2026	1025.743600	  0.000000	  0.000000	  0.000000	  0.142092	 -0.683986	  0.170176	  0.091371	  0.117250	  0.089113	  0.009644	  0.010803	 18.834974	 18.912795	 18.690776	 18.853285
15:29:05 10-4-2026	1027.206858	  0.000000	  0.000000	  0.000000	  0.142397	 -0.683108	  0.171664	  0.085145	  0.117128	  0.088808	  0.009216	  0.010437	 18.828107	 18.905928	 18.686198	 18.853285
15:29:06 10-4-2026	1024.284505	  0.000000	  0.000000	  0.000000	  0.142885	 -0.683108	  0.170977	  0.087526	  0.117250	  0.093446	  0.008850	  0.010925	 18.834974	 18.894484	 18.686198	 18.857862
15:29:07 10-4-2026	1025.743600	  0.000000	  0.000000	  0.000000	  0.143191	 -0.684977	  0.172274	  0.091554	  0.117250	  0.085939	  0.009339	  0.010437	 18.823529	 18.905928	 18.674754	 18.846418
15:29:08 10-4-2026	1027.206858	  0.000000	  0.000000	  0.000000	  0.142214	 -0.683719	  0.170291	  0.091066	  0.117128	  0.085817	  0.009339	  0.010803	 18.828107	 18.905928	 18.674754	 18.846418
15:29:09 10-4-2026	1025.743600	  0.000000	  0.000000	  0.000000	  0.142580	 -0.683413	  0.170558	  0.090089	  0.117128	  0.091066	  0.009216	  0.010315	 18.823529	 18.912795	 18.674754	 18.846418
15:29:10 10-4-2026	1130.411314	  0.000000	  0.000000	  0.000000	  0.142580	 -0.682727	  0.171664	  0.087709	  0.117250	  0.091371	  0.009216	  0.010620	 18.823529	 18.912795	 18.674754	 18.853285
15:29:11 10-4-2026	1028.674296	  0.000000	  0.000000	  0.000000	  0.142397	 -0.683795	  0.171473	  0.095155	  0.117433	  0.090578	  0.009216	  0.010620	 18.841840	 18.905928	 18.679332	 18.853285
15:29:12 10-4-2026	1027.206858	  0.000000	  0.000000	  0.000000	  0.142885	 -0.684100	  0.171778	  0.086122	  0.117128	  0.087404	  0.009522	  0.010437	 18.823529	 18.912795	 18.679332	 18.857862
15:29:13 10-4-2026	1025.743600	  0.000000	  0.000000	  0.000000	  0.143191	 -0.682002	  0.170176	  0.087221	  0.117128	  0.090272	  0.009216	  0.010437	 18.828107	 18.905928	 18.679332	 18.876173
15:29:14 10-4-2026	1025.743600	  0.000000	  0.000000	  0.000000	  0.142580	 -0.683986	  0.172351	  0.090089	  0.117250	  0.091676	  0.009033	  0.010437	 18.823529	 18.905928	 18.674754	 18.846418
15:29:15 10-4-2026	1027.206858	  0.000000	  0.000000	  0.000000	  0.142580	 -0.682918	  0.171778	  0.092470	  0.117250	  0.091188	  0.009827	  0.010132	 18.823529	 18.912795	 18.679332	 18.853285
15:29:16 10-4-2026	1027.206858	  0.000000	  0.000000	  0.000000	  0.142397	 -0.682727	  0.170863	  0.081971	  0.117128	  0.088319	  0.009339	  0.010437	 18.816663	 18.912795	 18.674754	 18.846418
15:29:17 10-4-2026	1025.743600	  0.000000	  0.000000	  0.000000	  0.142397	 -0.682002	  0.171168	  0.088197	  0.117128	  0.090089	  0.009339	  0.010437	 18.828107	 18.901350	 18.679332	 18.857862
15:29:18 10-4-2026	1024.284505	  0.000000	  0.000000	  0.000000	  0.142702	 -0.681621	  0.172160	  0.091554	  0.117433	  0.091371	  0.009216	  0.010437	 18.823529	 18.905928	 18.679332	 18.834974
15:29:19 10-4-2026	1025.743600	  0.000000	  0.000000	  0.000000	  0.141726	 -0.683795	  0.171778	  0.093141	  0.117617	  0.089601	  0.009522	  0.010803	 18.828107	 18.894484	 18.686198	 18.857862
15:29:20 10-4-2026	1109.510027	  0.000000	  0.000000	  0.000000	  0.142397	 -0.682612	  0.170977	  0.090272	  0.117250	  0.089967	  0.009339	  0.010315	 18.834974	 18.901350	 18.679332	 18.846418
15:29:21 10-4-2026	1024.284505	  0.000000	  0.000000	  0.000000	  0.142885	 -0.682918	  0.171473	  0.090089	  0.117128	  0.090578	  0.009033	  0.010437	 18.834974	 18.912795	 18.674754	 18.853285
15:29:22 10-4-2026	1030.145933	  0.000000	  0.000000	  0.000000	  0.142580	 -0.682307	  0.171168	  0.089601	  0.117433	  0.091371	  0.009339	  0.010620	 18.834974	 18.912795	 18.679332	 18.853285
15:29:23 10-4-2026	1025.743600	  0.000000	  0.000000	  0.000000	  0.142702	 -0.683604	  0.172045	  0.095521	  0.117617	  0.090578	  0.009216	  0.010803	 18.834974	 18.912795	 18.679332	 18.846418
15:29:24 10-4-2026	1025.743600	  0.000000	  0.000000	  0.000000	  0.142214	 -0.682116	  0.170558	  0.087526	  0.117250	  0.090578	  0.009216	  0.010803	 18.828107	 18.901350	 18.674754	 18.853285
15:29:25 10-4-2026	1024.284505	  0.000000	  0.000000	  0.000000	  0.142702	 -0.680438	  0.171283	  0.085328	  0.117128	  0.093568	  0.009216	  0.010437	 18.834974	 18.905928	 18.679332	 18.857862
15:29:26 10-4-2026	1027.206858	  0.000000	  0.000000	  0.000000	  0.142214	 -0.682116	  0.171778	  0.089784	  0.117433	  0.089967	  0.009033	  0.010925	 18.834974	 18.912795	 18.686198	 18.853285
15:29:27 10-4-2026	1024.284505	  0.000000	  0.000000	  0.000000	  0.142580	 -0.682307	  0.171168	  0.091676	  0.117250	  0.087098	  0.009522	  0.010620	 18.823529	 18.912795	 18.674754	 18.857862
15:29:28 10-4-2026	1025.743600	  0.000000	  0.000000	  0.000000	  0.142397	 -0.682002	  0.170977	  0.090272	  0.117128	  0.089113	  0.009522	  0.010437	 18.828107	 18.905928	 18.679332	 18.853285
15:29:29 10-4-2026	1024.284505	  0.000000	  0.000000	  0.000000	  0.142702	 -0.681506	  0.171054	  0.087098	  0.117128	  0.088319	  0.009522	  0.010620	 18.841840	 18.912795	 18.686198	 18.857862
15:29:30 10-4-2026	1087.722065	  0.000000	  0.000000	  0.000000	  0.142580	 -0.682116	  0.171550	  0.096437	  0.117617	  0.091371	  0.009033	  0.010620	 18.828107	 18.905928	 18.686198	 18.857862
15:29:31 10-4-2026	1024.284505	  0.000000	  0.000000	  0.000000	  0.142397	 -0.681621	  0.171054	  0.094545	  0.117433	  0.089479	  0.009216	  0.010620	 18.828107	 18.905928	 18.686198	 18.857862
15:29:32 10-4-2026	1024.284505	  0.000000	  0.000000	  0.000000	  0.142397	 -0.681315	  0.171054	  0.087404	  0.117250	  0.089113	  0.009216	  0.010437	 18.828107	 18.905928	 18.679332	 18.857862
15:29:33 10-4-2026	1027.206858	  0.000000	  0.000000	  0.000000	  0.142397	 -0.681926	  0.171664	  0.089601	  0.117250	  0.091554	  0.009216	  0.010315	 18.834974	 18.905928	 18.674754	 18.853285
15:29:34 10-4-2026	1027.206858	  0.000000	  0.000000	  0.000000	  0.142702	 -0.681315	  0.172045	  0.089479	  0.117250	  0.091676	  0.009339	  0.010620	 18.834974	 18.917372	 18.686198	 18.853285
15:29:35 10-4-2026	1027.206858	  0.000000	  0.000000	  0.000000	  0.141604	 -0.680934	  0.171054	  0.092348	  0.117250	  0.090089	  0.009216	  0.010925	 18.834974	 18.924239	 18.679332	 18.857862
15:29:36 10-4-2026	1025.743600	  0.000000	  0.000000	  0.000000	  0.142580	 -0.680819	  0.171283	  0.085145	  0.117128	  0.089296	  0.009522	  0.010437	 18.834974	 18.917372	 18.679332	 18.871595
15:29:37 10-4-2026	1025.743600	  0.000000	  0.000000	  0.000000	  0.142702	 -0.679522	  0.171778	  0.086427	  0.117433	  0.093141	  0.009033	  0.010620	 18.834974	 18.917372	 18.679332	 18.857862
15:29:38 10-4-2026	1024.284505	  0.000000	  0.000000	  0.000000	  0.142580	 -0.681315	  0.171778	  0.090394	  0.117617	  0.091676	  0.009033	  0.010620	 18.823529	 18.924239	 18.686198	 18.853285
15:29:39 10-4-2026	1027.206858	  0.000000	  0.000000	  0.000000	  0.142214	 -0.680514	  0.170863	  0.088808	  0.117433	  0.089967	  0.009522	  0.010620	 18.828107	 18.917372	 18.679332	 18.853285
15:29:40 10-4-2026	1066.773344	  0.000000	  0.000000	  0.000000	  0.142885	 -0.680018	  0.170291	  0.086915	  0.117433	  0.088991	  0.009522	  0.010437	 18.834974	 18.917372	 18.674754	 18.857862
15:29:41 10-4-2026	1025.743600	  0.000000	  0.000000	  0.000000	  0.142885	 -0.680018	  0.171778	  0.086427	  0.117250	  0.091981	  0.009339	  0.010437	 18.841840	 18.924239	 18.679332	 18.864729
15:29:42 10-4-2026	1025.743600	  0.000000	  0.000000	  0.000000	  0.142397	 -0.680438	  0.171359	  0.093141	  0.117433	  0.092164	  0.009216	  0.010620	 18.834974	 18.912795	 18.667887	 18.857862
15:29:43 10-4-2026	1027.206858	  0.000000	  0.000000	  0.000000	  0.142580	 -0.680705	  0.171969	  0.088685	  0.117250	  0.088319	  0.009339	  0.010803	 18.841840	 18.924239	 18.674754	 18.857862
15:29:44 10-4-2026	1025.743600	  0.000000	  0.000000	  0.000000	  0.142397	 -0.679446	  0.170558	  0.085939	  0.117128	  0.088319	  0.009216	  0.010437	 18.834974	 18.912795	 18.679332	 18.864729
15:29:45 10-4-2026	1024.284505	  0.000000	  0.000000	  0.000000	  0.142702	 -0.680209	  0.172274	  0.089479	  0.117250	  0.088991	  0.009033	  0.010620	 18.834974	 18.924239	 18.690776	 18.864729
15:29:46 10-4-2026	1025.743600	  0.000000	  0.000000	  0.000000	  0.142580	 -0.680438	  0.171969	  0.093568	  0.117617	  0.090883	  0.009339	  0.010437	 18.834974	 18.924239	 18.679332	 18.857862
15:29:47 10-4-2026	1025.743600	  0.000000	  0.000000	  0.000000	  0.142092	 -0.680514	  0.171359	  0.097719	  0.117617	  0.091371	  0.009216	  0.010803	 18.834974	 18.917372	 18.679332	 18.857862
15:29:48 10-4-2026	1024.284505	  0.000000	  0.000000	  0.000000	  0.142397	 -0.678721	  0.170863	  0.086427	  0.117250	  0.090089	  0.009339	  0.010620	 18.834974	 18.917372	 18.686198	 18.857862
15:29:49 10-4-2026	1024.284505	  0.000000	  0.000000	  0.000000	  0.142702	 -0.677844	  0.170787	  0.090761	  0.117433	  0.093568	  0.009216	  0.010437	 18.834974	 18.912795	 18.686198	 18.857862
15:29:50 10-4-2026	1045.097253	  0.000000	  0.000000	  0.000000	  0.142397	 -0.679713	  0.172465	  0.093446	  0.117739	  0.089601	  0.009339	  0.010620	 18.834974	 18.917372	 18.686198	 18.853285
15:29:51 10-4-2026	1025.743600	  0.000000	  0.000000	  0.000000	  0.142214	 -0.679637	  0.170787	  0.089601	  0.117617	  0.090089	  0.009644	  0.010620	 18.834974	 18.917372	 18.679332	 18.853285
15:29:52 10-4-2026	1024.284505	  0.000000	  0.000000	  0.000000	  0.142397	 -0.679332	  0.171168	  0.087526	  0.117433	  0.091188	  0.009522	  0.010620	 18.834974	 18.924239	 18.686198	 18.857862
15:29:53 10-4-2026	1025.743600	  0.000000	  0.000000	  0.000000	  0.142885	 -0.678454	  0.171168	  0.086732	  0.117433	  0.092958	  0.009216	  0.010620	 18.834974	 18.917372	 18.679332	 18.857862
15:29:54 10-4-2026	1027.206858	  0.000000	  0.000000	  0.000000	  0.142580	 -0.680438	  0.172541	  0.094728	  0.117617	  0.091371	  0.009339	  0.010620	 18.846418	 18.924239	 18.679332	 18.853285
15:29:55 10-4-2026	1025.743600	  0.000000	  0.000000	  0.000000	  0.142580	 -0.679332	  0.170672	  0.072267	  0.117433	  0.089113	  0.009216	  0.010437	 18.834974	 18.935683	 18.679332	 18.857862
15:29:56 10-4-2026	1025.743600	  0.000000	  0.000000	  0.000000	  0.142214	 -0.678721	  0.171283	  0.083558	  0.117433	  0.091066	  0.009216	  0.010620	 18.834974	 18.917372	 18.679332	 18.857862
15:29:57 10-4-2026	1025.743600	  0.000000	  0.000000	  0.000000	  0.142092	 -0.679141	  0.171359	  0.088991	  0.117250	  0.091859	  0.009216	  0.010803	 18.841840	 18.924239	 18.674754	 18.864729
15:29:58 10-4-2026	1024.284505	  0.000000	  0.000000	  0.000000	  0.142580	 -0.679713	  0.171778	  0.094545	  0.117433	  0.090272	  0.009339	  0.010803	 18.841840	 18.931106	 18.686198	 18.857862
15:29:59 10-4-2026	1025.743600	  0.000000	  0.000000	  0.000000	  0.142214	 -0.679446	  0.171664	  0.090089	  0.117433	  0.088685	  0.009522	  0.010437	 18.834974	 18.917372	 18.674754	 18.871595
15:30:00 10-4-2026	1025.743600	  0.000000	  0.000000	  0.000000	  0.142580	 -0.677653	  0.171168	  0.085512	  0.117128	  0.088502	  0.009216	  0.010437	 18.841840	 18.917372	 18.679332	 18.853285
15:30:01 10-4-2026	1135.760264	  0.000000	  0.000000	  0.000000	  0.142580	 -0.680514	  0.171473	  0.090883	  0.117433	  0.092958	  0.009216	  0.010437	 18.841840	 18.924239	 18.679332	 18.864729
15:30:02 10-4-2026	1025.743600	  0.000000	  0.000000	  0.000000	  0.142580	 -0.679446	  0.172045	  0.090272	  0.117433	  0.089784	  0.009339	  0.010620	 18.857862	 18.905928	 18.704509	 18.871595
15:30:03 10-4-2026	1022.829556	  0.000000	  0.000000	  0.000000	  0.142214	 -0.679332	  0.171473	  0.084352	  0.117250	  0.089113	  0.009216	  0.010803	 18.834974	 18.917372	 18.686198	 18.864729
15:30:04 10-4-2026	1024.284505	  0.000000	  0.000000	  0.000000	  0.142397	 -0.678149	  0.171550	  0.083925	  0.117617	  0.089601	  0.009033	  0.010620	 18.841840	 18.917372	 18.697642	 18.864729
15:30:05 10-4-2026	1030.145933	  0.000000	  0.000000	  0.000000	  0.142702	 -0.679141	  0.171969	  0.082643	  0.117617	  0.093141	  0.009216	  0.010803	 18.834974	 18.924239	 18.674754	 18.857862
15:30:06 10-4-2026	1027.206858	  0.000000	  0.000000	  0.000000	  0.142702	 -0.679713	  0.171054	  0.088685	  0.117922	  0.089784	  0.009522	  0.010620	 18.834974	 18.924239	 18.679332	 18.853285
15:30:07 10-4-2026	1027.206858	  0.000000	  0.000000	  0.000000	  0.142580	 -0.679332	  0.171550	  0.086122	  0.117250	  0.085817	  0.009522	  0.010803	 18.841840	 18.924239	 18.679332	 18.876173
15:30:08 10-4-2026	1028.674296	  0.000000	  0.000000	  0.000000	  0.141726	 -0.677424	  0.170787	  0.087098	  0.117433	  0.090394	  0.009339	  0.010437	 18.841840	 18.935683	 18.686198	 18.864729
15:30:09 10-4-2026	1024.284505	  0.000000	  0.000000	  0.000000	  0.142580	 -0.679522	  0.172541	  0.088991	  0.117617	  0.090089	  0.009522	  0.010803	 18.834974	 18.924239	 18.679332	 18.864729
15:30:10 10-4-2026	1024.284505	  0.000000	  0.000000	  0.000000	  0.142702	 -0.678645	  0.171283	  0.090761	  0.117922	  0.091066	  0.009339	  0.010803	 18.834974	 18.924239	 18.679332	 18.864729
15:30:11 10-4-2026	1109.510027	  0.000000	  0.000000	  0.000000	  0.142702	 -0.678950	  0.171359	  0.083436	  0.117433	  0.088014	  0.009339	  0.010437	 18.841840	 18.931106	 18.674754	 18.864729
15:30:12 10-4-2026	1024.284505	  0.000000	  0.000000	  0.000000	  0.142702	 -0.677043	  0.171550	  0.089113	  0.117250	  0.091554	  0.009339	  0.010437	 18.853285	 18.924239	 18.679332	 18.864729
15:30:13 10-4-2026	1024.284505	  0.000000	  0.000000	  0.000000	  0.142580	 -0.679217	  0.172045	  0.094545	  0.117617	  0.091859	  0.009216	  0.010620	 18.841840	 18.924239	 18.679332	 18.871595
15:30:14 10-4-2026	1025.743600	  0.000000	  0.000000	  0.000000	  0.142397	 -0.679141	  0.172770	  0.090761	  0.117617	  0.089113	  0.009216	  0.010803	 18.834974	 18.924239	 18.674754	 18.871595
15:30:15 10-4-2026	1027.206858	  0.000000	  0.000000	  0.000000	  0.142214	 -0.677653	  0.170863	  0.091981	  0.117617	  0.089601	  0.009216	  0.010437	 18.834974	 18.924239	 18.679332	 18.871595
15:30:16 10-4-2026	1025.743600	  0.000000	  0.000000	  0.000000	  0.142397	 -0.677424	  0.171969	  0.083131	  0.117433	  0.092958	  0.009216	  0.010437	 18.841840	 18.931106	 18.674754	 18.864729
15:30:17 10-4-2026	1024.284505	  0.000000	  0.000000	  0.000000	  0.142580	 -0.677348	  0.171359	  0.094362	  0.117739	  0.092470	  0.009216	  0.010803	 18.841840	 18.924239	 18.679332	 18.857862
