Time            	RT01 (RPM)     	RT02 (RPM)    	FT01 (m3/h)   	FT02 (m3/h)   	PT01 (bar)    	PT02 (bar)    	PT03 (bar)    	PT04 (bar)    	PT05 (bar)    	PT06 (bar)    	PT07 (bar)    	PT08 (bar)    	TT01 (C)      	TT02 (C)      	TT03 (C)      	TT04 (C)      
16:03:23 10-4-2026	1212.242436	  0.000000	  3.593429	  0.000000	  0.129213	 -0.699283	  0.184291	  0.165774	  0.130617	  0.132998	  0.008057	  0.014588	 19.860380	 19.919890	 18.812085	 19.860380
16:03:24 10-4-2026	1212.242436	  0.000000	  3.593429	  0.000000	  0.130922	 -0.684787	  0.184977	  0.146548	  0.130495	  0.133669	  0.011231	  0.013184	 19.853513	 19.913024	 18.816663	 19.878691
16:03:25 10-4-2026	1212.242436	  0.000000	  3.593429	  0.000000	  0.126345	 -0.679942	  0.184291	  0.126955	  0.130495	  0.126650	  0.016358	  0.009216	 19.848936	 19.942779	 18.805219	 19.883268
16:03:26 10-4-2026	1210.205054	  0.000000	  3.593429	  0.000000	  0.128542	 -0.679522	  0.184672	  0.147768	  0.130495	  0.142702	  0.010925	  0.010925	 19.853513	 19.919890	 18.812085	 19.864958
16:03:27 10-4-2026	1210.205054	  0.000000	  3.593429	  0.000000	  0.126467	 -0.695621	  0.183986	  0.121279	  0.130312	  0.139040	  0.015686	  0.010803	 19.842069	 19.931334	 18.812085	 19.878691
16:03:28 10-4-2026	1274.463730	  0.000000	  3.592605	  0.000000	  0.129335	 -0.682612	  0.183795	  0.134463	  0.130129	  0.137636	  0.012024	  0.011109	 19.853513	 19.926757	 18.798352	 19.883268
16:03:29 10-4-2026	1210.205054	  0.000000	  3.593429	  0.000000	  0.126955	 -0.682116	  0.189555	  0.134951	  0.130312	  0.132204	  0.020325	  0.010620	 19.848936	 19.919890	 18.805219	 19.864958
16:03:30 10-4-2026	1212.242436	  0.000000	  3.593429	  0.000000	  0.129824	 -0.692264	  0.184100	  0.119326	  0.130129	  0.129519	  0.025086	  0.011902	 19.853513	 19.913024	 18.798352	 19.883268
16:03:31 10-4-2026	1216.337850	  0.000000	  3.593429	  0.000000	  0.134096	 -0.709316	  0.183795	  0.126955	  0.130617	  0.134096	  0.010010	  0.013001	 19.860380	 19.919890	 18.812085	 19.883268
16:03:32 10-4-2026	1212.242436	  0.000000	  3.593429	  0.000000	  0.130495	 -0.705043	  0.184977	  0.135256	  0.130007	  0.110109	  0.005371	  0.010620	 19.853513	 19.938201	 18.812085	 19.890135
16:03:33 10-4-2026	1212.242436	  0.000000	  3.593429	  0.000000	  0.128908	 -0.704547	  0.184100	  0.136538	  0.130312	  0.130129	  0.015686	  0.014282	 19.864958	 19.931334	 18.816663	 19.883268
16:03:34 10-4-2026	1212.242436	  0.000000	  3.593429	  0.000000	  0.127749	 -0.678721	  0.184100	  0.109194	  0.130312	  0.144778	  0.011719	  0.010803	 19.864958	 19.926757	 18.812085	 19.878691
16:03:35 10-4-2026	1212.242436	  0.000000	  3.593429	  0.000000	  0.131106	 -0.689670	  0.184100	  0.157046	  0.130312	  0.124880	  0.017639	  0.009827	 19.864958	 19.926757	 18.812085	 19.878691
16:03:36 10-4-2026	1214.286690	  0.000000	  3.597000	  0.000000	  0.125551	 -0.677348	  0.184367	  0.130007	  0.130312	  0.137942	  0.010315	  0.013977	 19.860380	 19.919890	 18.812085	 19.878691
16:03:37 10-4-2026	1212.242436	  0.000000	  3.598373	  0.000000	  0.129824	 -0.700885	  0.184482	  0.125246	  0.130495	  0.120302	  0.011414	  0.012512	 19.860380	 19.931334	 18.798352	 19.883268
16:03:38 10-4-2026	1212.242436	  0.000000	  3.597549	  0.000000	  0.127749	 -0.689670	  0.185969	  0.132082	  0.130312	  0.101076	  0.012207	  0.014588	 19.860380	 19.926757	 18.805219	 19.883268
16:03:39 10-4-2026	1331.001862	  0.000000	  3.593979	  0.000000	  0.126833	 -0.684977	  0.184367	  0.124453	  0.130495	  0.112184	  0.019226	  0.013611	 19.864958	 19.931334	 18.805219	 19.878691
16:03:40 10-4-2026	1208.174509	  0.000000	  3.593429	  0.000000	  0.129519	 -0.699207	  0.184596	  0.095949	  0.130495	  0.126162	  0.011719	  0.008240	 19.864958	 19.938201	 18.812085	 19.883268
16:03:41 10-4-2026	1210.205054	  0.000000	  3.593429	  0.000000	  0.129213	 -0.696803	  0.186084	  0.145571	  0.130312	  0.122866	  0.014282	  0.013001	 19.864958	 19.926757	 18.798352	 19.890135
16:03:42 10-4-2026	1210.205054	  0.000000	  3.593429	  0.000000	  0.128725	 -0.687572	  0.184367	  0.141604	  0.130495	  0.127138	  0.015381	  0.012390	 19.864958	 19.931334	 18.812085	 19.878691
16:03:43 10-4-2026	1212.242436	  0.000000	  3.593429	  0.000000	  0.122866	 -0.696536	  0.184787	  0.116152	  0.130129	  0.127321	  0.014771	  0.014588	 19.864958	 19.931334	 18.812085	 19.883268
16:03:44 10-4-2026	1233.000012	  0.000000	  3.593429	  0.000000	  0.125856	 -0.687686	  0.184787	  0.122683	  0.130312	  0.121279	  0.011719	  0.010620	 19.853513	 19.942779	 18.805219	 19.890135
16:03:45 10-4-2026	1210.205054	  0.000000	  3.593429	  0.000000	  0.130800	 -0.695239	  0.183795	  0.130800	  0.130312	  0.130312	  0.013306	  0.011719	 19.864958	 19.938201	 18.812085	 19.883268
16:03:46 10-4-2026	1210.205054	  0.000000	  3.593429	  0.000000	  0.131716	 -0.705959	  0.184482	  0.123781	  0.130312	  0.143008	  0.007630	  0.011902	 19.864958	 19.938201	 18.805219	 19.890135
16:03:47 10-4-2026	1210.205054	  0.000000	  3.593979	  0.000000	  0.130007	 -0.692531	  0.182879	  0.118410	  0.130617	  0.132509	  0.005554	  0.017945	 19.871824	 19.949645	 18.805219	 19.883268
16:03:48 10-4-2026	1210.205054	  0.000000	  3.597549	  0.000000	  0.127749	 -0.701572	  0.184787	  0.137453	  0.130495	  0.123293	  0.012818	  0.009033	 19.864958	 19.931334	 18.812085	 19.883268
16:03:49 10-4-2026	1214.286690	  0.000000	  3.599197	  0.000000	  0.130495	 -0.719768	  0.184482	  0.140139	  0.130800	  0.134585	  0.008423	  0.017456	 19.871824	 19.938201	 18.812085	 19.894713
16:03:50 10-4-2026	1210.205054	  0.000000	  3.601944	  0.000000	  0.132509	 -0.699779	  0.182193	  0.128420	  0.130617	  0.138247	  0.017151	  0.011109	 19.864958	 19.938201	 18.805219	 19.908446
16:03:51 10-4-2026	1212.242436	  0.000000	  3.602768	  0.000000	  0.132082	 -0.686885	  0.184482	  0.129213	  0.130800	  0.122988	  0.020325	  0.010437	 19.864958	 19.926757	 18.816663	 19.890135
16:03:52 10-4-2026	1210.205054	  0.000000	  3.602768	  0.000000	  0.129519	 -0.700694	  0.184176	  0.117250	  0.130312	  0.128908	  0.007752	  0.014588	 19.878691	 19.942779	 18.812085	 19.901579
16:03:53 10-4-2026	1210.205054	  0.000000	  3.602768	  0.000000	  0.126650	 -0.690852	  0.185283	  0.134463	  0.130617	  0.119326	  0.013977	  0.012024	 19.871824	 19.938201	 18.805219	 19.894713
16:03:54 10-4-2026	1212.242436	  0.000000	  3.598373	  0.000000	  0.128420	 -0.687686	  0.184367	  0.127932	  0.130495	  0.124880	  0.016480	  0.014893	 19.878691	 19.938201	 18.812085	 19.894713
16:03:55 10-4-2026	1290.451626	  0.000000	  3.598373	  0.000000	  0.129030	 -0.692836	  0.184863	  0.117250	  0.130495	  0.124453	  0.003601	  0.014282	 19.878691	 19.938201	 18.798352	 19.890135
16:03:56 10-4-2026	1208.174509	  0.000000	  3.593979	  0.000000	  0.123659	 -0.682002	  0.184367	  0.129824	  0.130129	  0.109804	  0.018250	  0.007752	 19.878691	 19.942779	 18.805219	 19.894713
16:03:57 10-4-2026	1208.174509	  0.000000	  3.593429	  0.000000	  0.131411	 -0.696918	  0.184482	  0.143008	  0.130617	  0.126162	  0.010315	  0.011414	 19.883268	 19.942779	 18.812085	 19.894713
16:03:58 10-4-2026	1210.205054	  0.000000	  3.593429	  0.000000	  0.128542	 -0.714389	  0.184863	  0.129213	  0.130495	  0.126040	  0.010925	  0.013611	 19.864958	 19.938201	 18.812085	 19.894713
16:03:59 10-4-2026	1210.205054	  0.000000	  3.593429	  0.000000	  0.130129	 -0.695926	  0.184176	  0.110597	  0.130495	  0.120912	  0.012207	  0.015076	 19.864958	 19.942779	 18.805219	 19.894713
16:04:00 10-4-2026	1208.174509	  0.000000	  3.593979	  0.000000	  0.125551	 -0.693141	  0.184787	  0.114565	  0.130129	  0.120912	  0.008057	  0.011902	 19.871824	 19.942779	 18.812085	 19.901579
16:04:01 10-4-2026	1210.205054	  0.000000	  3.593429	  0.000000	  0.133791	 -0.716983	  0.184176	  0.118532	  0.130312	  0.136049	  0.008850	  0.010437	 19.878691	 19.938201	 18.812085	 19.901579
16:04:02 10-4-2026	1210.205054	  0.000000	  3.592605	  0.000000	  0.124453	 -0.688182	  0.184291	  0.138552	  0.130617	  0.107118	  0.011719	  0.013611	 19.871824	 19.949645	 18.812085	 19.894713
16:04:03 10-4-2026	1210.205054	  0.000000	  3.597549	  0.000000	  0.128908	 -0.693828	  0.183986	  0.141115	  0.130617	  0.131594	  0.015381	  0.010925	 19.864958	 19.949645	 18.805219	 19.901579
16:04:04 10-4-2026	1208.174509	  0.000000	  3.598373	  0.000000	  0.129702	 -0.691234	  0.184291	  0.132204	  0.130617	  0.134463	  0.015564	  0.013611	 19.883268	 19.949645	 18.805219	 19.901579
16:04:05 10-4-2026	1212.242436	  0.000000	  3.597549	  0.000000	  0.128908	 -0.678340	  0.184787	  0.130129	  0.130617	  0.138247	  0.011902	  0.008423	 19.878691	 19.942779	 18.816663	 19.901579
16:04:06 10-4-2026	1343.417924	  0.000000	  3.597549	  0.000000	  0.125856	 -0.674678	  0.184863	  0.154788	  0.130800	  0.116640	  0.014282	  0.012390	 19.878691	 19.949645	 18.812085	 19.894713
16:04:07 10-4-2026	1210.205054	  0.000000	  3.597549	  0.000000	  0.132204	 -0.725032	  0.184367	  0.140322	  0.130617	  0.144167	  0.009033	  0.013306	 19.883268	 19.942779	 18.812085	 19.901579
16:04:08 10-4-2026	1212.242436	  0.000000	  3.598373	  0.000000	  0.131411	 -0.708324	  0.186656	  0.153017	  0.130495	  0.138125	  0.012390	  0.012024	 19.871824	 19.949645	 18.805219	 19.894713
16:04:09 10-4-2026	1216.337850	  0.000000	  3.597549	  0.000000	  0.128115	 -0.704662	  0.184367	  0.146670	  0.130617	  0.132204	  0.013001	  0.013794	 19.878691	 19.949645	 18.812085	 19.901579
16:04:10 10-4-2026	1212.242436	  0.000000	  3.593979	  0.000000	  0.128237	 -0.678645	  0.184482	  0.120302	  0.130312	  0.131899	  0.013611	  0.013001	 19.871824	 19.949645	 18.805219	 19.901579
16:04:11 10-4-2026	1241.503461	  0.000000	  3.593429	  0.000000	  0.132387	 -0.701190	  0.185092	  0.133181	  0.130617	  0.132876	  0.008545	  0.013001	 19.890135	 19.942779	 18.812085	 19.901579
16:04:12 10-4-2026	1210.205054	  0.000000	  3.593429	  0.000000	  0.124880	 -0.688563	  0.184672	  0.140139	  0.130617	  0.109621	  0.014099	  0.011902	 19.883268	 19.949645	 18.812085	 19.901579
16:04:13 10-4-2026	1214.286690	  0.000000	  3.592605	  0.000000	  0.131594	 -0.688182	  0.184367	  0.117922	  0.130617	  0.134463	  0.010437	  0.010315	 19.878691	 19.949645	 18.816663	 19.908446
16:04:14 10-4-2026	1208.174509	  0.000000	  3.593429	  0.000000	  0.129824	 -0.689860	  0.184863	  0.137331	  0.130312	  0.121279	  0.016968	  0.008545	 19.878691	 19.949645	 18.816663	 19.908446
16:04:15 10-4-2026	1212.242436	  0.000000	  3.593429	  0.000000	  0.128542	 -0.662852	  0.184672	  0.121279	  0.130495	  0.109194	  0.015381	  0.011414	 19.883268	 19.949645	 18.805219	 19.901579
16:04:16 10-4-2026	1212.242436	  0.000000	  3.589035	  0.000000	  0.126467	 -0.686580	  0.184291	  0.147341	  0.130312	  0.121096	  0.010010	  0.010315	 19.871824	 19.956512	 18.812085	 19.901579
16:04:17 10-4-2026	1210.205054	  0.000000	  3.589035	  0.000000	  0.130922	 -0.700008	  0.183490	  0.146975	  0.130800	  0.112367	  0.010925	  0.009033	 19.878691	 19.949645	 18.812085	 19.908446
16:04:18 10-4-2026	1212.242436	  0.000000	  3.588211	  0.000000	  0.127932	 -0.666018	  0.184596	  0.134096	  0.130617	  0.141604	  0.015076	  0.008850	 19.883268	 19.961089	 18.812085	 19.901579
16:04:19 10-4-2026	1210.205054	  0.000000	  3.588211	  0.000000	  0.130495	 -0.699512	  0.184977	  0.161318	  0.130617	  0.116030	  0.012818	  0.009644	 19.883268	 19.956512	 18.816663	 19.913024
16:04:20 10-4-2026	1214.286690	  0.000000	  3.592605	  0.000000	  0.125673	 -0.711032	  0.183871	  0.130007	  0.130312	  0.119509	  0.017456	  0.016846	 19.890135	 19.949645	 18.816663	 19.901579
16:04:21 10-4-2026	1210.205054	  0.000000	  3.593429	  0.000000	  0.127321	 -0.703288	  0.184482	  0.151431	  0.130800	  0.117250	  0.012818	  0.011231	 19.890135	 19.956512	 18.805219	 19.908446
16:04:22 10-4-2026	1274.463730	  0.000000	  3.593429	  0.000000	  0.128420	 -0.684596	  0.183871	  0.101198	  0.130495	  0.124575	  0.013001	  0.009216	 19.883268	 19.956512	 18.812085	 19.908446
16:04:23 10-4-2026	1208.174509	  0.000000	  3.597549	  0.000000	  0.132876	 -0.665713	  0.184863	  0.145388	  0.130617	  0.123171	  0.016175	  0.011414	 19.883268	 19.961089	 18.812085	 19.908446
16:04:24 10-4-2026	1210.205054	  0.000000	  3.598373	  0.000000	  0.128908	 -0.723430	  0.184482	  0.149844	  0.130800	  0.123781	  0.012696	  0.014099	 19.894713	 19.961089	 18.823529	 19.926757
16:04:25 10-4-2026	1212.242436	  0.000000	  3.601120	  0.000000	  0.131716	 -0.698024	  0.184977	  0.153689	  0.130922	  0.135073	  0.009522	  0.014588	 19.883268	 19.961089	 18.812085	 19.901579
16:04:26 10-4-2026	1210.205054	  0.000000	  3.602768	  0.000000	  0.128908	 -0.672770	  0.184672	  0.109621	  0.130617	  0.121889	  0.010132	  0.007263	 19.890135	 19.956512	 18.812085	 19.901579
16:04:27 10-4-2026	1212.242436	  0.000000	  3.602768	  0.000000	  0.125368	 -0.695811	  0.184100	  0.143496	  0.130800	  0.139223	  0.011109	  0.008728	 19.894713	 19.956512	 18.805219	 19.908446
16:04:28 10-4-2026	1210.205054	  0.000000	  3.602768	  0.000000	  0.127443	 -0.680514	  0.184367	  0.126833	  0.130800	  0.137758	  0.017456	  0.010315	 19.883268	 19.956512	 18.816663	 19.919890
16:04:29 10-4-2026	1210.205054	  0.000000	  3.602768	  0.000000	  0.126162	 -0.705959	  0.185168	  0.153811	  0.130922	  0.121279	  0.019043	  0.010315	 19.894713	 19.961089	 18.798352	 19.913024
16:04:30 10-4-2026	1210.205054	  0.000000	  3.602768	  0.000000	  0.127932	 -0.690738	  0.184596	  0.128420	  0.130617	  0.120119	  0.010925	  0.014405	 19.890135	 19.967956	 18.812085	 19.913024
16:04:31 10-4-2026	1208.174509	  0.000000	  3.602768	  0.000000	  0.128542	 -0.678035	  0.184863	  0.135866	  0.130617	  0.133486	  0.008423	  0.007935	 19.901579	 19.961089	 18.798352	 19.919890
16:04:32 10-4-2026	1212.242436	  0.000000	  3.598373	  0.000000	  0.131899	 -0.676051	  0.184672	  0.145754	  0.130800	  0.121401	  0.010925	  0.011414	 19.890135	 19.961089	 18.816663	 19.919890
16:04:33 10-4-2026	1304.478274	  0.000000	  3.598373	  0.000000	  0.133974	 -0.705844	  0.184482	  0.124086	  0.130495	  0.126833	  0.012207	  0.009827	 19.894713	 19.967956	 18.805219	 19.908446
16:04:34 10-4-2026	1210.205054	  0.000000	  3.598373	  0.000000	  0.127626	 -0.705539	  0.184787	  0.139528	  0.130922	  0.132082	  0.008850	  0.016480	 19.894713	 19.967956	 18.812085	 19.913024
16:04:35 10-4-2026	1210.205054	  0.000000	  3.593979	  0.000000	  0.129030	 -0.727398	  0.184672	  0.142885	  0.130617	  0.114870	  0.010803	  0.011902	 19.890135	 19.961089	 18.812085	 19.913024
16:04:36 10-4-2026	1212.242436	  0.000000	  3.593429	  0.000000	  0.127932	 -0.694820	  0.184482	  0.139223	  0.130800	  0.143374	  0.016052	  0.014893	 19.894713	 19.961089	 18.812085	 19.919890
16:04:37 10-4-2026	1210.205054	  0.000000	  3.593429	  0.000000	  0.130800	 -0.740215	  0.184176	  0.130495	  0.130922	  0.127443	  0.014099	  0.012390	 19.890135	 19.967956	 18.805219	 19.919890
16:04:38 10-4-2026	1212.242436	  0.000000	  3.592605	  0.000000	  0.130129	 -0.690547	  0.184672	  0.108400	  0.131106	  0.134279	  0.008728	  0.010010	 19.894713	 19.967956	 18.812085	 19.919890
16:04:39 10-4-2026	1210.205054	  0.000000	  3.589859	  0.000000	  0.125368	 -0.689479	  0.184672	  0.152224	  0.131289	  0.135073	  0.017456	  0.008850	 19.901579	 19.967956	 18.816663	 19.913024
16:04:40 10-4-2026	1210.205054	  0.000000	  3.588211	  0.000000	  0.127443	 -0.687381	  0.184863	  0.135378	  0.130800	  0.139223	  0.009339	  0.016663	 19.894713	 19.967956	 18.805219	 19.926757
16:04:41 10-4-2026	1208.174509	  0.000000	  3.589035	  0.000000	  0.131289	 -0.727131	  0.185588	  0.132387	  0.130800	  0.116457	  0.014405	  0.013306	 19.901579	 19.961089	 18.812085	 19.913024
16:04:42 10-4-2026	1208.174509	  0.000000	  3.589035	  0.000000	  0.130312	 -0.684787	  0.184863	  0.129824	  0.130617	  0.134951	  0.014893	  0.011719	 19.901579	 19.956512	 18.812085	 19.926757
16:04:43 10-4-2026	1210.205054	  0.000000	  3.589035	  0.000000	  0.126162	 -0.684215	  0.184596	  0.115236	  0.130617	  0.128115	  0.006348	  0.012024	 19.894713	 19.961089	 18.816663	 19.919890
16:04:44 10-4-2026	1335.940644	  0.000000	  3.592605	  0.000000	  0.131411	 -0.711337	  0.185092	  0.124269	  0.130922	  0.140505	  0.000000	  0.012512	 19.901579	 19.967956	 18.816663	 19.919890
16:04:45 10-4-2026	1210.205054	  0.000000	  3.593429	  0.000000	  0.131106	 -0.692035	  0.184596	  0.120790	  0.130922	  0.134768	  0.013489	  0.011719	 19.908446	 19.972534	 18.816663	 19.926757
16:04:46 10-4-2026	1210.205054	  0.000000	  3.593429	  0.000000	  0.126833	 -0.684405	  0.185168	  0.139345	  0.130922	  0.120912	  0.013489	  0.011719	 19.901579	 19.967956	 18.816663	 19.919890
16:04:47 10-4-2026	1208.174509	  0.000000	  3.593429	  0.000000	  0.137148	 -0.683223	  0.184482	  0.107424	  0.130922	  0.127443	  0.019532	  0.012390	 19.894713	 19.967956	 18.812085	 19.919890
16:04:48 10-4-2026	1210.205054	  0.000000	  3.593429	  0.000000	  0.130617	 -0.718471	  0.185359	  0.128115	  0.130922	  0.129335	  0.015381	  0.010803	 19.901579	 19.972534	 18.812085	 19.926757
16:04:49 10-4-2026	1222.533119	  0.000000	  3.593429	  0.000000	  0.124269	 -0.694514	  0.184672	  0.135378	  0.130922	  0.109499	  0.016846	  0.008850	 19.908446	 19.972534	 18.812085	 19.919890
16:04:50 10-4-2026	1210.205054	  0.000000	  3.593429	  0.000000	  0.126955	 -0.685206	  0.184977	  0.123476	  0.131106	  0.128420	  0.013306	  0.012024	 19.901579	 19.972534	 18.805219	 19.919890
16:04:51 10-4-2026	1210.205054	  0.000000	  3.593429	  0.000000	  0.126467	 -0.681315	  0.185283	  0.129213	  0.130922	  0.161440	  0.004883	  0.015686	 19.908446	 19.967956	 18.812085	 19.919890
16:04:52 10-4-2026	1210.205054	  0.000000	  3.593429	  0.000000	  0.130800	 -0.715305	  0.185359	  0.140017	  0.131411	  0.115663	  0.008728	  0.011231	 19.919890	 19.967956	 18.812085	 19.926757
16:04:53 10-4-2026	1212.242436	  0.000000	  3.593429	  0.000000	  0.135256	 -0.669108	  0.185473	  0.132082	  0.131106	  0.117617	  0.012818	  0.010620	 19.908446	 19.972534	 18.812085	 19.931334
16:04:54 10-4-2026	1208.174509	  0.000000	  3.593429	  0.000000	  0.131289	 -0.688067	  0.185779	  0.122499	  0.131106	  0.113954	  0.014771	  0.014405	 19.901579	 19.972534	 18.805219	 19.931334
16:04:55 10-4-2026	1212.242436	  0.000000	  3.593429	  0.000000	  0.128420	 -0.700275	  0.184787	  0.147463	  0.130922	  0.122072	  0.021607	  0.008728	 19.919890	 19.979400	 18.805219	 19.931334
16:04:56 10-4-2026	1208.174509	  0.000000	  3.593429	  0.000000	  0.126467	 -0.706149	  0.184787	  0.140810	  0.131411	  0.133181	  0.009827	  0.016358	 19.908446	 19.979400	 18.805219	 19.931334
16:04:57 10-4-2026	1210.205054	  0.000000	  3.593429	  0.000000	  0.128725	 -0.678645	  0.184672	  0.137148	  0.131289	  0.132509	  0.005859	  0.015686	 19.926757	 19.979400	 18.816663	 19.931334
16:04:58 10-4-2026	1210.205054	  0.000000	  3.593979	  0.000000	  0.122988	 -0.667315	  0.185168	  0.127321	  0.130800	  0.145571	  0.007935	  0.013977	 19.908446	 19.972534	 18.816663	 19.931334
16:04:59 10-4-2026	1212.242436	  0.000000	  3.593429	  0.000000	  0.134585	 -0.660868	  0.184863	  0.117433	  0.130922	  0.115053	  0.015381	  0.012024	 19.919890	 19.972534	 18.805219	 19.926757
16:05:00 10-4-2026	1237.237126	  0.000000	  3.593429	  0.000000	  0.130617	 -0.697719	  0.184672	  0.115053	  0.131106	  0.108217	  0.020325	  0.010315	 19.908446	 19.979400	 18.812085	 19.938201
16:05:01 10-4-2026	1210.205054	  0.000000	  3.593979	  0.000000	  0.126040	 -0.692760	  0.184977	  0.144289	  0.130800	  0.124269	  0.018433	  0.008545	 19.913024	 19.972534	 18.812085	 19.931334
16:05:02 10-4-2026	1212.242436	  0.000000	  3.593979	  0.000000	  0.135073	 -0.684405	  0.185092	  0.134768	  0.130800	  0.122072	  0.013794	  0.013794	 19.908446	 19.979400	 18.816663	 19.931334
16:05:03 10-4-2026	1210.205054	  0.000000	  3.593429	  0.000000	  0.128237	 -0.681125	  0.185588	  0.127321	  0.131106	  0.137758	  0.007630	  0.015564	 19.913024	 19.972534	 18.812085	 19.938201
16:05:04 10-4-2026	1212.242436	  0.000000	  3.593429	  0.000000	  0.124880	 -0.691157	  0.185473	  0.127138	  0.131106	  0.126833	  0.014282	  0.012390	 19.913024	 19.967956	 18.816663	 19.931334
16:05:05 10-4-2026	1208.174509	  0.000000	  3.593979	  0.000000	  0.128420	 -0.698024	  0.185588	  0.153811	  0.131106	  0.124758	  0.014893	  0.010132	 19.913024	 19.979400	 18.812085	 19.938201
16:05:06 10-4-2026	1212.242436	  0.000000	  3.597549	  0.000000	  0.133303	 -0.682918	  0.185473	  0.125551	  0.130922	  0.131594	  0.017945	  0.009033	 19.908446	 19.972534	 18.816663	 19.931334
16:05:07 10-4-2026	1212.242436	  0.000000	  3.597549	  0.000000	  0.133974	 -0.786717	  0.185168	  0.096437	  0.130922	  0.104250	  0.014405	  0.011231	 19.913024	 19.986267	 18.823529	 19.938201
16:05:08 10-4-2026	1212.242436	  0.000000	  3.593979	  0.000000	  0.133181	 -0.966125	  0.185588	  0.101381	  0.131106	  0.115358	  0.013489	  0.010620	 19.901579	 19.979400	 18.816663	 19.931334
16:05:09 10-4-2026	1214.286690	  0.000000	  3.581894	  0.000000	  0.131289	 -0.974174	  0.185168	  0.114260	  0.131106	  0.117250	  0.006470	  0.010925	 19.913024	 19.979400	 18.812085	 19.938201
16:05:10 10-4-2026	1210.205054	  0.000000	  3.561843	  0.000000	  0.129824	 -0.976081	  0.184863	  0.099489	  0.131716	  0.095338	  0.007752	  0.015381	 19.913024	 19.979400	 18.812085	 19.942779
16:05:11 10-4-2026	1214.286690	  0.000000	  3.521193	  0.000000	  0.133181	 -0.979858	  0.185092	  0.114748	  0.130617	  0.123964	  0.015686	  0.004089	 19.926757	 19.979400	 18.812085	 19.942779
16:05:12 10-4-2026	1214.286690	  0.000000	  3.473951	  0.000000	  0.132204	 -0.981041	  0.185283	  0.127138	  0.131289	  0.122683	  0.004883	  0.013611	 19.913024	 19.979400	 18.816663	 19.938201
16:05:13 10-4-2026	1214.286690	  0.000000	  3.408032	  0.000000	  0.133974	 -0.980926	  0.184863	  0.135256	  0.131289	  0.127626	  0.003296	  0.016358	 19.913024	 19.979400	 18.816663	 19.938201
16:05:14 10-4-2026	1212.242436	  0.000000	  3.308055	  0.000000	  0.135744	 -0.981956	  0.185664	  0.110903	  0.131594	  0.099489	  0.014282	  0.010620	 19.919890	 19.990845	 18.812085	 19.938201
16:05:15 10-4-2026	1214.286690	  0.000000	  3.246531	  0.000000	  0.131899	 -0.981155	  0.184596	  0.126650	  0.131899	  0.115358	  0.014893	  0.012512	 19.908446	 19.986267	 18.816663	 19.938201
16:05:16 10-4-2026	1216.337850	  0.000000	  3.180612	  0.000000	  0.134951	 -0.981537	  0.184977	  0.130617	  0.131716	  0.119203	  0.006775	  0.010132	 19.919890	 19.990845	 18.816663	 19.938201
16:05:17 10-4-2026	1214.286690	  0.000000	  3.100410	  0.000000	  0.132998	 -0.981041	  0.185092	  0.106020	  0.131289	  0.120485	  0.015564	  0.011719	 19.919890	 19.986267	 18.816663	 19.942779
16:05:18 10-4-2026	1216.337850	  0.000000	  3.055366	  0.000000	  0.133791	 -0.982147	  0.185969	  0.127138	  0.131289	  0.115846	  0.003296	  0.014405	 19.913024	 19.986267	 18.812085	 19.942779
16:05:19 10-4-2026	1326.099461	  0.000000	  3.018286	  0.000000	  0.136355	 -0.982147	  0.186465	  0.127749	  0.131411	  0.107912	  0.015076	  0.014588	 19.913024	 19.990845	 18.816663	 19.942779
16:05:20 10-4-2026	1214.286690	  0.000000	  2.980932	  0.000000	  0.135561	 -0.982147	  0.185359	  0.042908	  0.131289	  0.097230	  0.043702	  0.005982	 19.913024	 19.990845	 18.834974	 19.938201
16:05:21 10-4-2026	1216.337850	  0.000000	  2.954565	  0.000000	  0.137148	 -0.982147	  0.186465	  0.088319	  0.131411	  0.124453	  0.016968	  0.000000	 19.913024	 19.986267	 18.816663	 19.942779
16:05:22 10-4-2026	1216.337850	  0.000000	  2.928197	  0.000000	  0.137636	 -0.981956	  0.185473	  0.084840	  0.131106	  0.106020	  0.020142	  0.008850	 19.919890	 19.990845	 18.823529	 19.942779
16:05:23 10-4-2026	1343.417924	  0.000000	  2.891667	  0.000000	  0.133181	 -0.982033	  0.185168	  0.069459	  0.130495	  0.113649	  0.009522	  0.022400	 19.919890	 19.990845	 18.812085	 19.942779
16:05:24 10-4-2026	1216.337850	  0.000000	  2.855961	  0.000000	  0.134279	 -0.982033	  0.186847	  0.092164	  0.130800	  0.132509	  0.004883	  0.016663	 19.938201	 19.997711	 18.812085	 19.942779
16:05:25 10-4-2026	1218.395951	  0.000000	  2.812839	  0.000000	  0.136660	 -0.982033	  0.186275	  0.126040	  0.131106	  0.091554	  0.031128	  0.007263	 19.919890	 19.990845	 18.805219	 19.942779
16:05:26 10-4-2026	1218.395951	  0.000000	  2.751314	  0.000000	  0.139528	 -0.982338	  0.185359	  0.106325	  0.132082	  0.079103	  0.015564	  0.005982	 19.926757	 19.997711	 18.812085	 19.938201
16:05:27 10-4-2026	1218.395951	  0.000000	  2.714235	  0.000000	  0.135073	 -0.981956	  0.185588	  0.100587	  0.131289	  0.092348	  0.013306	  0.020630	 19.919890	 19.990845	 18.798352	 19.949645
16:05:28 10-4-2026	1218.395951	  0.000000	  2.664796	  0.000000	  0.139834	 -0.982147	  0.184863	  0.104067	  0.131289	  0.104555	  0.000305	  0.012818	 19.919890	 19.990845	 18.812085	 19.942779
16:05:29 10-4-2026	1218.395951	  0.000000	  2.592560	  0.000000	  0.137148	 -0.981956	  0.185855	  0.113954	  0.131716	  0.085817	  0.025086	  0.011414	 19.931334	 19.990845	 18.805219	 19.949645
16:05:30 10-4-2026	1274.463730	  0.000000	  2.549712	  0.000000	  0.137942	 -0.982033	  0.184863	  0.113466	  0.131716	  0.093935	  0.011902	  0.012207	 19.926757	 19.986267	 18.816663	 19.942779
16:05:31 10-4-2026	1218.395951	  0.000000	  2.497526	  0.000000	  0.136355	 -0.980163	  0.186160	  0.117128	  0.131899	  0.106447	  0.003479	  0.013794	 19.931334	 19.997711	 18.823529	 19.942779
16:05:32 10-4-2026	1216.337850	  0.000000	  2.447538	  0.000000	  0.139345	 -0.981537	  0.185588	  0.097414	  0.130922	  0.115541	  0.002380	  0.011719	 19.931334	 19.986267	 18.812085	 19.949645
16:05:33 10-4-2026	1216.337850	  0.000000	  2.388211	  0.000000	  0.138247	 -0.980545	  0.186275	  0.111879	  0.131411	  0.100771	  0.002686	  0.006470	 19.926757	 19.997711	 18.816663	 19.942779
16:05:34 10-4-2026	1218.395951	  0.000000	  2.343715	  0.000000	  0.134279	 -0.980240	  0.185855	  0.115846	  0.131411	  0.098207	  0.013611	  0.014588	 19.926757	 19.997711	 18.812085	 19.956512
16:05:35 10-4-2026	1214.286690	  0.000000	  2.294276	  0.000000	  0.136843	 -0.981231	  0.185283	  0.133303	  0.131716	  0.104860	  0.006775	  0.007141	 19.931334	 19.997711	 18.816663	 19.956512
16:05:36 10-4-2026	1218.395951	  0.000000	  2.258570	  0.000000	  0.136172	 -0.979744	  0.184863	  0.115846	  0.131289	  0.118715	  0.007446	  0.013184	 19.926757	 19.990845	 18.823529	 19.956512
16:05:37 10-4-2026	1218.395951	  0.000000	  2.226435	  0.000000	  0.137148	 -0.981155	  0.185588	  0.098695	  0.131594	  0.075807	  0.000000	  0.015869	 19.931334	 19.997711	 18.816663	 19.961089
16:05:38 10-4-2026	1212.242436	  0.000000	  2.190729	  0.000000	  0.136965	 -0.981155	  0.185588	  0.108827	  0.131594	  0.132998	  0.013306	  0.012207	 19.931334	 19.997711	 18.823529	 19.956512
16:05:39 10-4-2026	1218.395951	  0.000000	  2.175622	  0.000000	  0.137636	 -0.981727	  0.184367	  0.118715	  0.131899	  0.115663	  0.011109	  0.008057	 19.938201	 20.002289	 18.816663	 19.949645
16:05:40 10-4-2026	1239.366622	  0.000000	  2.162713	  0.000000	  0.138247	 -0.981842	  0.185588	  0.108522	  0.131594	  0.107240	  0.017762	  0.011719	 19.926757	 19.990845	 18.816663	 19.949645
16:05:41 10-4-2026	1216.337850	  0.000000	  2.147057	  0.000000	  0.136843	 -0.981651	  0.185283	  0.102785	  0.131106	  0.116640	  0.013977	  0.013977	 19.931334	 19.997711	 18.823529	 19.961089
16:05:42 10-4-2026	1220.461029	  0.000000	  2.141289	  0.000000	  0.140810	 -0.981537	  0.184977	  0.105043	  0.131716	  0.124880	  0.010437	  0.006653	 19.931334	 19.990845	 18.812085	 19.961089
16:05:43 10-4-2026	1214.286690	  0.000000	  2.140465	  0.000000	  0.140505	 -0.981842	  0.186084	  0.116152	  0.131411	  0.089784	  0.003479	  0.010925	 19.949645	 19.990845	 18.816663	 19.956512
16:05:44 10-4-2026	1218.395951	  0.000000	  2.140465	  0.000000	  0.136172	 -0.982147	  0.185588	  0.136355	  0.132082	  0.075502	  0.007752	  0.010803	 19.942779	 20.009155	 18.812085	 19.979400
16:05:45 10-4-2026	1218.395951	  0.000000	  2.140465	  0.000000	  0.139345	 -0.982338	  0.185779	  0.088319	  0.130800	  0.109499	  0.015381	  0.008240	 19.931334	 19.990845	 18.816663	 19.961089
16:05:46 10-4-2026	1218.395951	  0.000000	  2.139916	  0.000000	  0.136965	 -0.981651	  0.185473	  0.122866	  0.132204	  0.083558	  0.020142	  0.010925	 19.926757	 20.002289	 18.816663	 19.956512
16:05:47 10-4-2026	1350.979376	  0.000000	  2.140465	  0.000000	  0.136965	 -0.980430	  0.185969	  0.132204	  0.131594	  0.098390	  0.018738	  0.007141	 19.938201	 20.002289	 18.816663	 19.961089
16:05:48 10-4-2026	1218.395951	  0.000000	  2.140465	  0.000000	  0.137331	 -0.981460	  0.184482	  0.071046	  0.131594	  0.100587	  0.010132	  0.016480	 19.931334	 19.997711	 18.812085	 19.967956
16:05:49 10-4-2026	1216.337850	  0.000000	  2.144036	  0.000000	  0.135744	 -0.981537	  0.183986	  0.134951	  0.131594	  0.086122	  0.015381	  0.008423	 19.938201	 20.009155	 18.816663	 19.967956
16:05:50 10-4-2026	1218.395951	  0.000000	  2.143487	  0.000000	  0.139528	 -0.980659	  0.185969	  0.102663	  0.132082	  0.091859	  0.010925	  0.010010	 19.931334	 20.016022	 18.816663	 19.956512
16:05:51 10-4-2026	1216.337850	  0.000000	  2.140465	  0.000000	  0.143374	 -0.979248	  0.185664	  0.100404	  0.131106	  0.114748	  0.009216	  0.009339	 19.931334	 20.002289	 18.816663	 19.956512
16:05:52 10-4-2026	1218.395951	  0.000000	  2.140465	  0.000000	  0.135866	 -0.981537	  0.184672	  0.094057	  0.131411	  0.124758	  0.008850	  0.011109	 19.931334	 20.002289	 18.816663	 19.967956
16:05:53 10-4-2026	1218.395951	  0.000000	  2.139916	  0.000000	  0.136965	 -0.981537	  0.185969	  0.084230	  0.131289	  0.101381	  0.020020	  0.009033	 19.931334	 20.009155	 18.816663	 19.961089
16:05:54 10-4-2026	1218.395951	  0.000000	  2.140465	  0.000000	  0.137758	 -0.981727	  0.184977	  0.113771	  0.131594	  0.108705	  0.009522	  0.008728	 19.938201	 20.009155	 18.834974	 19.961089
16:05:55 10-4-2026	1220.461029	  0.000000	  2.140465	  0.000000	  0.139834	 -0.981346	  0.185168	  0.128420	  0.131899	  0.102480	  0.005371	  0.011719	 19.931334	 20.016022	 18.812085	 19.967956
16:05:56 10-4-2026	1214.286690	  0.000000	  2.139916	  0.000000	  0.140322	 -0.981231	  0.185359	  0.114260	  0.131716	  0.105348	  0.007630	  0.010010	 19.931334	 20.016022	 18.834974	 19.967956
16:05:57 10-4-2026	1311.606570	  0.000000	  2.140465	  0.000000	  0.139223	 -0.981231	  0.185283	  0.095155	  0.131289	  0.128115	  0.003967	  0.010620	 19.931334	 20.009155	 18.816663	 19.961089
16:05:58 10-4-2026	1216.337850	  0.000000	  2.139916	  0.000000	  0.138125	 -0.980163	  0.183795	  0.101686	  0.131411	  0.082460	  0.000000	  0.013489	 19.938201	 20.009155	 18.812085	 19.961089
16:05:59 10-4-2026	1216.337850	  0.000000	  2.140465	  0.000000	  0.136660	 -0.981727	  0.184672	  0.132204	  0.131716	  0.092164	  0.013306	  0.010620	 19.942779	 20.009155	 18.816663	 19.961089
16:06:00 10-4-2026	1216.337850	  0.000000	  2.140465	  0.000000	  0.137758	 -0.980545	  0.185664	  0.098024	  0.130922	  0.111696	  0.008057	  0.012024	 19.938201	 20.032044	 18.816663	 19.972534
16:06:01 10-4-2026	1218.395951	  0.000000	  2.139916	  0.000000	  0.139223	 -0.980545	  0.184482	  0.097597	  0.131899	  0.110414	  0.011414	  0.012512	 19.942779	 20.009155	 18.823529	 19.967956
16:06:02 10-4-2026	1220.461029	  0.000000	  2.140465	  0.000000	  0.135378	 -0.979934	  0.185092	  0.099001	  0.131716	  0.096437	  0.000000	  0.015564	 19.949645	 20.016022	 18.816663	 19.972534
16:06:03 10-4-2026	1218.395951	  0.000000	  2.139916	  0.000000	  0.139528	 -0.981041	  0.185473	  0.125551	  0.131716	  0.117128	  0.006958	  0.009522	 19.949645	 20.016022	 18.816663	 19.972534
16:06:04 10-4-2026	1218.395951	  0.000000	  2.139916	  0.000000	  0.134279	 -0.981346	  0.185092	  0.116335	  0.131716	  0.092958	  0.015259	  0.012024	 19.938201	 20.020600	 18.816663	 19.967956
16:06:05 10-4-2026	1216.337850	  0.000000	  2.140465	  0.000000	  0.136843	 -0.979362	  0.185588	  0.108522	  0.131594	  0.067201	  0.005554	  0.015259	 19.938201	 20.027466	 18.816663	 19.972534
16:06:06 10-4-2026	1216.337850	  0.000000	  2.139916	  0.000000	  0.140627	 -0.981041	  0.185283	  0.127626	  0.131594	  0.081971	  0.015076	  0.014405	 19.938201	 20.027466	 18.812085	 19.979400
16:06:07 10-4-2026	1283.550815	  0.000000	  2.140465	  0.000000	  0.140322	 -0.980659	  0.186656	  0.071473	  0.130922	  0.105837	  0.020447	  0.012207	 19.938201	 20.016022	 18.812085	 19.967956
16:06:08 10-4-2026	1216.337850	  0.000000	  2.136895	  0.000000	  0.136172	 -0.980240	  0.185664	  0.104250	  0.131594	  0.079469	  0.016175	  0.008545	 19.942779	 20.016022	 18.816663	 19.967956
