Time            	RT01 (RPM)     	RT02 (RPM)    	FT01 (m3/h)   	FT02 (m3/h)   	PT01 (bar)    	PT02 (bar)    	PT03 (bar)    	PT04 (bar)    	PT05 (bar)    	PT06 (bar)    	PT07 (bar)    	PT08 (bar)    	TT01 (C)      	TT02 (C)      	TT03 (C)      	TT04 (C)      
16:13:12 10-4-2026	1228.791821	  0.000000	  0.000000	  0.000000	  0.143008	 -0.915389	  0.188373	  0.090883	  0.134463	  0.091676	  0.009339	  0.010925	 20.116732	 20.242618	 18.846418	 20.176242
16:13:13 10-4-2026	1230.892320	  0.000000	  0.000000	  0.000000	  0.143374	 -0.914473	  0.188754	  0.093751	  0.134768	  0.088014	  0.009644	  0.010437	 20.109865	 20.254063	 18.853285	 20.176242
16:13:14 10-4-2026	1228.791821	  0.000000	  0.000000	  0.000000	  0.143679	 -0.915274	  0.188563	  0.091066	  0.134463	  0.091066	  0.010132	  0.010925	 20.109865	 20.254063	 18.846418	 20.169375
16:13:15 10-4-2026	1228.791821	  0.000000	  0.000000	  0.000000	  0.142580	 -0.914168	  0.188258	  0.089479	  0.134768	  0.091676	  0.009216	  0.010803	 20.105287	 20.254063	 18.853285	 20.169375
16:13:16 10-4-2026	1226.698479	  0.000000	  0.000000	  0.000000	  0.142702	 -0.913291	  0.188449	  0.091188	  0.134463	  0.091371	  0.009339	  0.011109	 20.116732	 20.247196	 18.857862	 20.176242
16:13:17 10-4-2026	1228.791821	  0.000000	  0.000000	  0.000000	  0.142885	 -0.914092	  0.188563	  0.091981	  0.134768	  0.090883	  0.009522	  0.010803	 20.109865	 20.254063	 18.846418	 20.176242
16:13:18 10-4-2026	1228.791821	  0.000000	  0.000000	  0.000000	  0.143008	 -0.913901	  0.188144	  0.090578	  0.134768	  0.091188	  0.010132	  0.010620	 20.098421	 20.247196	 18.846418	 20.180819
16:13:19 10-4-2026	1228.791821	  0.000000	  0.000000	  0.000000	  0.143008	 -0.914473	  0.188563	  0.089296	  0.134279	  0.091981	  0.010315	  0.011109	 20.105287	 20.254063	 18.846418	 20.176242
16:13:20 10-4-2026	1226.698479	  0.000000	  0.000000	  0.000000	  0.142397	 -0.913596	  0.188449	  0.091554	  0.134585	  0.090761	  0.010315	  0.010437	 20.116732	 20.247196	 18.846418	 20.164797
16:13:21 10-4-2026	1226.698479	  0.000000	  0.000000	  0.000000	  0.143191	 -0.912909	  0.189059	  0.089479	  0.134463	  0.092164	  0.009033	  0.011231	 20.109865	 20.254063	 18.853285	 20.176242
16:13:22 10-4-2026	1230.892320	  0.000000	  0.000000	  0.000000	  0.142397	 -0.913672	  0.188258	  0.091859	  0.134768	  0.090394	  0.009339	  0.010437	 20.121309	 20.254063	 18.846418	 20.176242
16:13:23 10-4-2026	1318.813200	  0.000000	  0.000000	  0.000000	  0.143191	 -0.913405	  0.188563	  0.090089	  0.134768	  0.091371	  0.009339	  0.010315	 20.109865	 20.258640	 18.834974	 20.169375
16:13:24 10-4-2026	1228.791821	  0.000000	  0.000000	  0.000000	  0.142092	 -0.913100	  0.188258	  0.089113	  0.134768	  0.092164	  0.010620	  0.010925	 20.116732	 20.254063	 18.853285	 20.176242
16:13:25 10-4-2026	1258.867145	  0.000000	  0.000000	  0.000000	  0.143374	 -0.912604	  0.188754	  0.089113	  0.134463	  0.091676	  0.009522	  0.010803	 20.109865	 20.254063	 18.871595	 20.176242
16:13:26 10-4-2026	1230.892320	  0.000000	  0.000000	  0.000000	  0.142397	 -0.912985	  0.188258	  0.087709	  0.134951	  0.091371	  0.009827	  0.011109	 20.116732	 20.254063	 18.846418	 20.180819
16:13:27 10-4-2026	1228.791821	  0.000000	  0.000000	  0.000000	  0.143374	 -0.912985	  0.188869	  0.084535	  0.134585	  0.087526	  0.009339	  0.011231	 20.116732	 20.254063	 18.853285	 20.176242
16:13:28 10-4-2026	1226.698479	  0.000000	  0.000000	  0.000000	  0.142702	 -0.911688	  0.188258	  0.090883	  0.134951	  0.091188	  0.009827	  0.010315	 20.116732	 20.258640	 18.853285	 20.176242
16:13:29 10-4-2026	1228.791821	  0.000000	  0.000000	  0.000000	  0.143374	 -0.911612	  0.188754	  0.091066	  0.134585	  0.091554	  0.010010	  0.010925	 20.109865	 20.258640	 18.841840	 20.169375
16:13:30 10-4-2026	1228.791821	  0.000000	  0.000000	  0.000000	  0.142580	 -0.911688	  0.188449	  0.090272	  0.134585	  0.088014	  0.010010	  0.011597	 20.109865	 20.258640	 18.853285	 20.180819
16:13:31 10-4-2026	1230.892320	  0.000000	  0.000000	  0.000000	  0.142885	 -0.911917	  0.188869	  0.090089	  0.134768	  0.091981	  0.009339	  0.010803	 20.109865	 20.258640	 18.853285	 20.180819
16:13:32 10-4-2026	1228.791821	  0.000000	  0.000000	  0.000000	  0.143008	 -0.911994	  0.188754	  0.087404	  0.134768	  0.090578	  0.009339	  0.011231	 20.109865	 20.265507	 18.846418	 20.180819
16:13:33 10-4-2026	1230.892320	  0.000000	  0.000000	  0.000000	  0.142885	 -0.910811	  0.188449	  0.092470	  0.134951	  0.091066	  0.009827	  0.011597	 20.109865	 20.265507	 18.846418	 20.180819
16:13:34 10-4-2026	1228.791821	  0.000000	  0.000000	  0.000000	  0.143801	 -0.911612	  0.188640	  0.089113	  0.134768	  0.091859	  0.010132	  0.011414	 20.116732	 20.258640	 18.846418	 20.176242
16:13:35 10-4-2026	1228.791821	  0.000000	  0.000000	  0.000000	  0.142580	 -0.911192	  0.188144	  0.092164	  0.135256	  0.092653	  0.010010	  0.011414	 20.105287	 20.258640	 18.853285	 20.169375
16:13:36 10-4-2026	1228.791821	  0.000000	  0.000000	  0.000000	  0.142580	 -0.911917	  0.188563	  0.091859	  0.134463	  0.090761	  0.010010	  0.011902	 20.116732	 20.265507	 18.846418	 20.176242
16:13:37 10-4-2026	1228.791821	  0.000000	  0.000000	  0.000000	  0.143374	 -0.911421	  0.188869	  0.094545	  0.134768	  0.090394	  0.009339	  0.011109	 20.105287	 20.276951	 18.846418	 20.176242
16:13:38 10-4-2026	1224.612257	  0.000000	  0.000000	  0.000000	  0.143008	 -0.910811	  0.188869	  0.087526	  0.134768	  0.092775	  0.009827	  0.011414	 20.109865	 20.258640	 18.841840	 20.169375
16:13:39 10-4-2026	1226.698479	  0.000000	  0.000000	  0.000000	  0.143496	 -0.910201	  0.188563	  0.096315	  0.134951	  0.089296	  0.010010	  0.011597	 20.116732	 20.258640	 18.846418	 20.180819
16:13:40 10-4-2026	1226.698479	  0.000000	  0.000000	  0.000000	  0.142702	 -0.910887	  0.188754	  0.090394	  0.134585	  0.090394	  0.009827	  0.010925	 20.109865	 20.265507	 18.846418	 20.169375
16:13:41 10-4-2026	1226.698479	  0.000000	  0.000000	  0.000000	  0.142580	 -0.909819	  0.188563	  0.091981	  0.134951	  0.092348	  0.009827	  0.011414	 20.109865	 20.265507	 18.846418	 20.176242
16:13:42 10-4-2026	1230.892320	  0.000000	  0.000000	  0.000000	  0.143191	 -0.910506	  0.189059	  0.090272	  0.134585	  0.089967	  0.009644	  0.011109	 20.109865	 20.276951	 18.853285	 20.180819
16:13:43 10-4-2026	1226.698479	  0.000000	  0.000000	  0.000000	  0.142397	 -0.910010	  0.188373	  0.092653	  0.134951	  0.093141	  0.009827	  0.010925	 20.116732	 20.265507	 18.846418	 20.176242
16:13:44 10-4-2026	1228.791821	  0.000000	  0.000000	  0.000000	  0.143191	 -0.910506	  0.188945	  0.090272	  0.134585	  0.089113	  0.009827	  0.011231	 20.109865	 20.272374	 18.846418	 20.176242
16:13:45 10-4-2026	1228.791821	  0.000000	  0.000000	  0.000000	  0.142397	 -0.910124	  0.188449	  0.092348	  0.134951	  0.093263	  0.009827	  0.010925	 20.116732	 20.272374	 18.857862	 20.180819
16:13:46 10-4-2026	1299.768966	  0.000000	  0.000000	  0.000000	  0.143801	 -0.909323	  0.189059	  0.089479	  0.134768	  0.091188	  0.009644	  0.011231	 20.105287	 20.272374	 18.841840	 20.187686
16:13:47 10-4-2026	1226.698479	  0.000000	  0.000000	  0.000000	  0.142397	 -0.910315	  0.188563	  0.090883	  0.135073	  0.090883	  0.009522	  0.010925	 20.109865	 20.265507	 18.846418	 20.176242
16:13:48 10-4-2026	1241.503461	  0.000000	  0.000000	  0.000000	  0.143374	 -0.909628	  0.189059	  0.090883	  0.134585	  0.092470	  0.009216	  0.010803	 20.116732	 20.265507	 18.853285	 20.180819
16:13:49 10-4-2026	1228.791821	  0.000000	  0.000000	  0.000000	  0.142702	 -0.909705	  0.188144	  0.090883	  0.134951	  0.092348	  0.010010	  0.010803	 20.116732	 20.276951	 18.853285	 20.169375
16:13:50 10-4-2026	1228.791821	  0.000000	  0.000000	  0.000000	  0.143191	 -0.908408	  0.189136	  0.089784	  0.134463	  0.087098	  0.009644	  0.011231	 20.116732	 20.265507	 18.846418	 20.176242
16:13:51 10-4-2026	1228.791821	  0.000000	  0.000000	  0.000000	  0.142580	 -0.909018	  0.188640	  0.087098	  0.134768	  0.091554	  0.010010	  0.011109	 20.109865	 20.265507	 18.853285	 20.180819
16:13:52 10-4-2026	1233.000012	  0.000000	  0.000000	  0.000000	  0.143496	 -0.909018	  0.188754	  0.090578	  0.134768	  0.089601	  0.009339	  0.010803	 20.109865	 20.265507	 18.853285	 20.176242
16:13:53 10-4-2026	1228.791821	  0.000000	  0.000000	  0.000000	  0.142885	 -0.909514	  0.188449	  0.089967	  0.134951	  0.092653	  0.009522	  0.010803	 20.116732	 20.265507	 18.853285	 20.176242
16:13:54 10-4-2026	1228.791821	  0.000000	  0.000000	  0.000000	  0.143008	 -0.907645	  0.188563	  0.090761	  0.135073	  0.091981	  0.009827	  0.010620	 20.109865	 20.283818	 18.846418	 20.180819
16:13:55 10-4-2026	1226.698479	  0.000000	  0.000000	  0.000000	  0.142702	 -0.909018	  0.188640	  0.091371	  0.134951	  0.092348	  0.009827	  0.011109	 20.116732	 20.265507	 18.841840	 20.176242
16:13:56 10-4-2026	1226.698479	  0.000000	  0.000000	  0.000000	  0.142702	 -0.908217	  0.188754	  0.091676	  0.135073	  0.091554	  0.010010	  0.011109	 20.116732	 20.265507	 18.846418	 20.176242
16:13:57 10-4-2026	1230.892320	  0.000000	  0.000000	  0.000000	  0.141726	 -0.908141	  0.188640	  0.089784	  0.134951	  0.092470	  0.009522	  0.011109	 20.116732	 20.265507	 18.846418	 20.180819
16:13:58 10-4-2026	1230.892320	  0.000000	  0.000000	  0.000000	  0.143008	 -0.908408	  0.189059	  0.089601	  0.134951	  0.090089	  0.009339	  0.011109	 20.109865	 20.276951	 18.841840	 20.169375
16:13:59 10-4-2026	1230.892320	  0.000000	  0.000000	  0.000000	  0.143191	 -0.909400	  0.188449	  0.092348	  0.134768	  0.091066	  0.009644	  0.010925	 20.116732	 20.272374	 18.853285	 20.187686
16:14:00 10-4-2026	1228.791821	  0.000000	  0.000000	  0.000000	  0.143008	 -0.908522	  0.188754	  0.090761	  0.134951	  0.091188	  0.010010	  0.011231	 20.116732	 20.272374	 18.853285	 20.176242
16:14:01 10-4-2026	1226.698479	  0.000000	  0.000000	  0.000000	  0.142397	 -0.909133	  0.188754	  0.087404	  0.134768	  0.084535	  0.009644	  0.011109	 20.116732	 20.265507	 18.841840	 20.169375
16:14:02 10-4-2026	1226.698479	  0.000000	  0.000000	  0.000000	  0.142885	 -0.908408	  0.188945	  0.089113	  0.134951	  0.090578	  0.009339	  0.011109	 20.109865	 20.265507	 18.846418	 20.176242
16:14:03 10-4-2026	1228.791821	  0.000000	  0.000000	  0.000000	  0.143496	 -0.907912	  0.189250	  0.090883	  0.134951	  0.091066	  0.009522	  0.011109	 20.121309	 20.276951	 18.853285	 20.176242
16:14:04 10-4-2026	1228.791821	  0.000000	  0.000000	  0.000000	  0.142702	 -0.907340	  0.188563	  0.090761	  0.134951	  0.090272	  0.009522	  0.011231	 20.105287	 20.272374	 18.853285	 20.187686
16:14:05 10-4-2026	1226.698479	  0.000000	  0.000000	  0.000000	  0.143496	 -0.908141	  0.188869	  0.085817	  0.134768	  0.090883	  0.009827	  0.011231	 20.135042	 20.276951	 18.853285	 20.180819
16:14:06 10-4-2026	1228.791821	  0.000000	  0.000000	  0.000000	  0.142397	 -0.908713	  0.188640	  0.089784	  0.134768	  0.091371	  0.009827	  0.011109	 20.105287	 20.272374	 18.857862	 20.176242
16:14:07 10-4-2026	1345.928985	  0.000000	  0.000000	  0.000000	  0.143191	 -0.908827	  0.189250	  0.091554	  0.134585	  0.089967	  0.010010	  0.011414	 20.121309	 20.276951	 18.853285	 20.176242
16:14:08 10-4-2026	1230.892320	  0.000000	  0.000000	  0.000000	  0.143191	 -0.907530	  0.188754	  0.093751	  0.135073	  0.092348	  0.009644	  0.011109	 20.109865	 20.276951	 18.853285	 20.180819
16:14:09 10-4-2026	1283.550815	  0.000000	  0.000000	  0.000000	  0.143374	 -0.908141	  0.188869	  0.088319	  0.135073	  0.091371	  0.009644	  0.011109	 20.109865	 20.283818	 18.846418	 20.180819
16:14:10 10-4-2026	1228.791821	  0.000000	  0.000000	  0.000000	  0.142885	 -0.908217	  0.188563	  0.090883	  0.135256	  0.090578	  0.009827	  0.011109	 20.109865	 20.276951	 18.846418	 20.164797
16:14:11 10-4-2026	1228.791821	  0.000000	  0.000000	  0.000000	  0.143496	 -0.907645	  0.189136	  0.089113	  0.134768	  0.090578	  0.009644	  0.010803	 20.105287	 20.265507	 18.853285	 20.180819
16:14:12 10-4-2026	1226.698479	  0.000000	  0.000000	  0.000000	  0.142397	 -0.908217	  0.188754	  0.092775	  0.134951	  0.094057	  0.009827	  0.011231	 20.105287	 20.276951	 18.846418	 20.169375
16:14:13 10-4-2026	1230.892320	  0.000000	  0.000000	  0.000000	  0.143496	 -0.907645	  0.189059	  0.089601	  0.134768	  0.091188	  0.009522	  0.010925	 20.109865	 20.276951	 18.846418	 20.180819
16:14:14 10-4-2026	1228.791821	  0.000000	  0.000000	  0.000000	  0.142702	 -0.907530	  0.188449	  0.084535	  0.134768	  0.093568	  0.009827	  0.011109	 20.109865	 20.276951	 18.853285	 20.176242
16:14:15 10-4-2026	1228.791821	  0.000000	  0.000000	  0.000000	  0.142885	 -0.907836	  0.188869	  0.086915	  0.135073	  0.091981	  0.010010	  0.011231	 20.116732	 20.276951	 18.846418	 20.180819
16:14:16 10-4-2026	1228.791821	  0.000000	  0.000000	  0.000000	  0.142702	 -0.907225	  0.189059	  0.089967	  0.134768	  0.090089	  0.009827	  0.011109	 20.109865	 20.276951	 18.841840	 20.176242
16:14:17 10-4-2026	1230.892320	  0.000000	  0.000000	  0.000000	  0.143984	 -0.906729	  0.188945	  0.093141	  0.135073	  0.091371	  0.009827	  0.011109	 20.116732	 20.276951	 18.846418	 20.180819
16:14:18 10-4-2026	1228.791821	  0.000000	  0.000000	  0.000000	  0.143374	 -0.906233	  0.187877	  0.089113	  0.134768	  0.090761	  0.009522	  0.011109	 20.121309	 20.272374	 18.857862	 20.180819
16:14:19 10-4-2026	1228.791821	  0.000000	  0.000000	  0.000000	  0.143008	 -0.906233	  0.188945	  0.086305	  0.135073	  0.088014	  0.009522	  0.011109	 20.109865	 20.276951	 18.853285	 20.176242
16:14:20 10-4-2026	1228.791821	  0.000000	  0.000000	  0.000000	  0.142702	 -0.907225	  0.188563	  0.090272	  0.134768	  0.090761	  0.009644	  0.011109	 20.116732	 20.276951	 18.853285	 20.180819
16:14:21 10-4-2026	1226.698479	  0.000000	  0.000000	  0.000000	  0.143008	 -0.906119	  0.189059	  0.087221	  0.134951	  0.090089	  0.009644	  0.010925	 20.109865	 20.265507	 18.864729	 20.180819
16:14:22 10-4-2026	1228.791821	  0.000000	  0.000000	  0.000000	  0.142702	 -0.906844	  0.188945	  0.090761	  0.134951	  0.092653	  0.009827	  0.011109	 20.116732	 20.283818	 18.846418	 20.180819
16:14:23 10-4-2026	1228.791821	  0.000000	  0.000000	  0.000000	  0.144167	 -0.905623	  0.188945	  0.091554	  0.135256	  0.091371	  0.009644	  0.011231	 20.128176	 20.276951	 18.864729	 20.180819
16:14:24 10-4-2026	1228.791821	  0.000000	  0.000000	  0.000000	  0.143374	 -0.906844	  0.188869	  0.087892	  0.135256	  0.090883	  0.009644	  0.010803	 20.109865	 20.276951	 18.853285	 20.169375
16:14:25 10-4-2026	1230.892320	  0.000000	  0.000000	  0.000000	  0.142702	 -0.906424	  0.188373	  0.092775	  0.135256	  0.089296	  0.010010	  0.011109	 20.105287	 20.276951	 18.853285	 20.187686
16:14:26 10-4-2026	1228.791821	  0.000000	  0.000000	  0.000000	  0.142885	 -0.906119	  0.189136	  0.089967	  0.134951	  0.089296	  0.009827	  0.010925	 20.116732	 20.276951	 18.857862	 20.180819
16:14:27 10-4-2026	1228.791821	  0.000000	  0.000000	  0.000000	  0.142397	 -0.905432	  0.188373	  0.091676	  0.135073	  0.089479	  0.009827	  0.011109	 20.109865	 20.272374	 18.853285	 20.176242
16:14:28 10-4-2026	1230.892320	  0.000000	  0.000000	  0.000000	  0.143374	 -0.905928	  0.189250	  0.091188	  0.134951	  0.089967	  0.009644	  0.010925	 20.121309	 20.272374	 18.857862	 20.176242
16:14:29 10-4-2026	1228.791821	  0.000000	  0.000000	  0.000000	  0.142397	 -0.906043	  0.188563	  0.091981	  0.134951	  0.091371	  0.009827	  0.011109	 20.109865	 20.272374	 18.853285	 20.187686
16:14:30 10-4-2026	1331.001862	  0.000000	  0.000000	  0.000000	  0.143191	 -0.905852	  0.188945	  0.089113	  0.134951	  0.091676	  0.010010	  0.011109	 20.109865	 20.276951	 18.846418	 20.176242
16:14:31 10-4-2026	1233.000012	  0.000000	  0.000000	  0.000000	  0.142397	 -0.905737	  0.188563	  0.092653	  0.135256	  0.091188	  0.009827	  0.011109	 20.116732	 20.288396	 18.853285	 20.176242
16:14:32 10-4-2026	1274.463730	  0.000000	  0.000000	  0.000000	  0.143191	 -0.905432	  0.189250	  0.086427	  0.135256	  0.091676	  0.009827	  0.011109	 20.128176	 20.272374	 18.853285	 20.176242
16:14:33 10-4-2026	1228.791821	  0.000000	  0.000000	  0.000000	  0.142397	 -0.906119	  0.188449	  0.092348	  0.135256	  0.092164	  0.009644	  0.010620	 20.121309	 20.283818	 18.841840	 20.176242
16:14:34 10-4-2026	1230.892320	  0.000000	  0.000000	  0.000000	  0.142885	 -0.905127	  0.189250	  0.090578	  0.135256	  0.090761	  0.009644	  0.011231	 20.116732	 20.283818	 18.846418	 20.176242
16:14:35 10-4-2026	1233.000012	  0.000000	  0.000000	  0.000000	  0.142397	 -0.905051	  0.188640	  0.091554	  0.135256	  0.092164	  0.009827	  0.011109	 20.116732	 20.283818	 18.846418	 20.176242
16:14:36 10-4-2026	1226.698479	  0.000000	  0.000000	  0.000000	  0.143008	 -0.905241	  0.189136	  0.089113	  0.135073	  0.090394	  0.009827	  0.010925	 20.116732	 20.283818	 18.846418	 20.180819
16:14:37 10-4-2026	1230.892320	  0.000000	  0.000000	  0.000000	  0.142580	 -0.904631	  0.189059	  0.087709	  0.135256	  0.091066	  0.010010	  0.010925	 20.109865	 20.283818	 18.841840	 20.187686
16:14:38 10-4-2026	1228.791821	  0.000000	  0.000000	  0.000000	  0.143191	 -0.905432	  0.189059	  0.091676	  0.135256	  0.089113	  0.009522	  0.011231	 20.109865	 20.272374	 18.853285	 20.180819
16:14:39 10-4-2026	1224.612257	  0.000000	  0.000000	  0.000000	  0.143008	 -0.904936	  0.188945	  0.090272	  0.135073	  0.090578	  0.009644	  0.011414	 20.116732	 20.283818	 18.857862	 20.176242
16:14:40 10-4-2026	1228.791821	  0.000000	  0.000000	  0.000000	  0.143191	 -0.904746	  0.189059	  0.090272	  0.134951	  0.091371	  0.009827	  0.011109	 20.109865	 20.272374	 18.846418	 20.180819
16:14:41 10-4-2026	1228.791821	  0.000000	  0.000000	  0.000000	  0.142397	 -0.904440	  0.188754	  0.088991	  0.135256	  0.097108	  0.009827	  0.011109	 20.105287	 20.276951	 18.846418	 20.180819
16:14:42 10-4-2026	1224.612257	  0.000000	  0.000000	  0.000000	  0.143496	 -0.903944	  0.189250	  0.089296	  0.135256	  0.090578	  0.009827	  0.011109	 20.121309	 20.283818	 18.857862	 20.176242
16:14:43 10-4-2026	1228.791821	  0.000000	  0.000000	  0.000000	  0.142580	 -0.904936	  0.189059	  0.082948	  0.135256	  0.091554	  0.009827	  0.011231	 20.116732	 20.283818	 18.853285	 20.194553
16:14:44 10-4-2026	1228.791821	  0.000000	  0.000000	  0.000000	  0.143191	 -0.903639	  0.189136	  0.091676	  0.135073	  0.090761	  0.009644	  0.011109	 20.109865	 20.276951	 18.853285	 20.180819
16:14:45 10-4-2026	1228.791821	  0.000000	  0.000000	  0.000000	  0.142397	 -0.904746	  0.188754	  0.089601	  0.135073	  0.091371	  0.009522	  0.011109	 20.109865	 20.276951	 18.853285	 20.199130
16:14:46 10-4-2026	1230.892320	  0.000000	  0.000000	  0.000000	  0.142702	 -0.902876	  0.188869	  0.089296	  0.134951	  0.089296	  0.009827	  0.011109	 20.116732	 20.283818	 18.853285	 20.180819
16:14:47 10-4-2026	1226.698479	  0.000000	  0.000000	  0.000000	  0.143008	 -0.904440	  0.189250	  0.089967	  0.135073	  0.089296	  0.009827	  0.011109	 20.121309	 20.302129	 18.857862	 20.187686
16:14:48 10-4-2026	1226.698479	  0.000000	  0.000000	  0.000000	  0.142702	 -0.904135	  0.188754	  0.091981	  0.135073	  0.091981	  0.009827	  0.010925	 20.109865	 20.283818	 18.853285	 20.194553
16:14:49 10-4-2026	1228.791821	  0.000000	  0.000000	  0.000000	  0.142885	 -0.904631	  0.189250	  0.090394	  0.134951	  0.091859	  0.009827	  0.011231	 20.116732	 20.283818	 18.853285	 20.176242
16:14:50 10-4-2026	1228.791821	  0.000000	  0.000000	  0.000000	  0.142397	 -0.904135	  0.188869	  0.092775	  0.135073	  0.092775	  0.009644	  0.010925	 20.116732	 20.288396	 18.853285	 20.187686
16:14:51 10-4-2026	1226.698479	  0.000000	  0.000000	  0.000000	  0.142580	 -0.904631	  0.189059	  0.088014	  0.135073	  0.091676	  0.009827	  0.011109	 20.121309	 20.276951	 18.853285	 20.180819
16:14:52 10-4-2026	1228.791821	  0.000000	  0.000000	  0.000000	  0.142702	 -0.903563	  0.189250	  0.089967	  0.135073	  0.091981	  0.009827	  0.010925	 20.116732	 20.295262	 18.846418	 20.187686
16:14:53 10-4-2026	1331.001862	  0.000000	  0.000000	  0.000000	  0.143679	 -0.903868	  0.189441	  0.087892	  0.135073	  0.088685	  0.010010	  0.011109	 20.135042	 20.288396	 18.857862	 20.180819
16:14:54 10-4-2026	1228.791821	  0.000000	  0.000000	  0.000000	  0.142092	 -0.903563	  0.189059	  0.091981	  0.135256	  0.091981	  0.009827	  0.010925	 20.121309	 20.276951	 18.853285	 20.180819
16:14:55 10-4-2026	1269.968267	  0.000000	  0.000000	  0.000000	  0.143374	 -0.902876	  0.189136	  0.090272	  0.135073	  0.091188	  0.009827	  0.011109	 20.116732	 20.283818	 18.841840	 20.180819
16:14:56 10-4-2026	1226.698479	  0.000000	  0.000000	  0.000000	  0.142397	 -0.903563	  0.188754	  0.087526	  0.135256	  0.091188	  0.010010	  0.011109	 20.121309	 20.283818	 18.846418	 20.180819
16:14:57 10-4-2026	1226.698479	  0.000000	  0.000000	  0.000000	  0.142885	 -0.903754	  0.189364	  0.090394	  0.135256	  0.090272	  0.010010	  0.011109	 20.116732	 20.276951	 18.857862	 20.180819
16:14:58 10-4-2026	1230.892320	  0.000000	  0.000000	  0.000000	  0.142702	 -0.902457	  0.189059	  0.088685	  0.135256	  0.091554	  0.010010	  0.011231	 20.109865	 20.272374	 18.857862	 20.180819
16:14:59 10-4-2026	1228.791821	  0.000000	  0.000000	  0.000000	  0.144472	 -0.904059	  0.189555	  0.090883	  0.135378	  0.088808	  0.010132	  0.010803	 20.105287	 20.272374	 18.853285	 20.187686
16:15:00 10-4-2026	1228.791821	  0.000000	  0.000000	  0.000000	  0.142214	 -0.903143	  0.188869	  0.089601	  0.135256	  0.091188	  0.009827	  0.011109	 20.109865	 20.283818	 18.857862	 20.176242
16:15:01 10-4-2026	1228.791821	  0.000000	  0.000000	  0.000000	  0.143801	 -0.903449	  0.189441	  0.089601	  0.135256	  0.090578	  0.009644	  0.011231	 20.109865	 20.276951	 18.853285	 20.180819
16:15:02 10-4-2026	1226.698479	  0.000000	  0.000000	  0.000000	  0.142397	 -0.902457	  0.189059	  0.094240	  0.135256	  0.091554	  0.009644	  0.011109	 20.116732	 20.276951	 18.857862	 20.187686
16:15:03 10-4-2026	1228.791821	  0.000000	  0.000000	  0.000000	  0.143191	 -0.903143	  0.189631	  0.089784	  0.135073	  0.089479	  0.009827	  0.011109	 20.116732	 20.276951	 18.846418	 20.187686
16:15:04 10-4-2026	1228.791821	  0.000000	  0.000000	  0.000000	  0.142702	 -0.903449	  0.188945	  0.092164	  0.135256	  0.091981	  0.009827	  0.011109	 20.116732	 20.272374	 18.853285	 20.194553
16:15:05 10-4-2026	1224.612257	  0.000000	  0.000000	  0.000000	  0.142885	 -0.902571	  0.189441	  0.089296	  0.135073	  0.090578	  0.009644	  0.010925	 20.105287	 20.283818	 18.853285	 20.187686
16:15:06 10-4-2026	1228.791821	  0.000000	  0.000000	  0.000000	  0.142580	 -0.901770	  0.189059	  0.085634	  0.135256	  0.093446	  0.009827	  0.011109	 20.116732	 20.288396	 18.857862	 20.180819
16:15:07 10-4-2026	1226.698479	  0.000000	  0.000000	  0.000000	  0.143496	 -0.902075	  0.189746	  0.090883	  0.135073	  0.088014	  0.009644	  0.011109	 20.116732	 20.276951	 18.857862	 20.180819
16:15:08 10-4-2026	1228.791821	  0.000000	  0.000000	  0.000000	  0.142885	 -0.902762	  0.189136	  0.090578	  0.135378	  0.092470	  0.010010	  0.010803	 20.121309	 20.283818	 18.853285	 20.187686
16:15:09 10-4-2026	1228.791821	  0.000000	  0.000000	  0.000000	  0.143008	 -0.902266	  0.189059	  0.091554	  0.135378	  0.093446	  0.009827	  0.011231	 20.105287	 20.283818	 18.853285	 20.176242
16:15:10 10-4-2026	1230.892320	  0.000000	  0.000000	  0.000000	  0.142885	 -0.902152	  0.189136	  0.086305	  0.135378	  0.090578	  0.009644	  0.011231	 20.116732	 20.283818	 18.846418	 20.180819
16:15:11 10-4-2026	1228.791821	  0.000000	  0.000000	  0.000000	  0.142702	 -0.901961	  0.189136	  0.091859	  0.135073	  0.089967	  0.009644	  0.011231	 20.105287	 20.283818	 18.846418	 20.187686
16:15:12 10-4-2026	1226.698479	  0.000000	  0.000000	  0.000000	  0.142214	 -0.901961	  0.189364	  0.090761	  0.135073	  0.090089	  0.009644	  0.011231	 20.105287	 20.283818	 18.853285	 20.180819
16:15:13 10-4-2026	1224.612257	  0.000000	  0.000000	  0.000000	  0.143679	 -0.902380	  0.189250	  0.090578	  0.135256	  0.090761	  0.009827	  0.011109	 20.116732	 20.283818	 18.853285	 20.180819
16:15:14 10-4-2026	1228.791821	  0.000000	  0.000000	  0.000000	  0.142580	 -0.901274	  0.189250	  0.089296	  0.135256	  0.090578	  0.009644	  0.011414	 20.121309	 20.276951	 18.846418	 20.187686
16:15:15 10-4-2026	1226.698479	  0.000000	  0.000000	  0.000000	  0.143679	 -0.901770	  0.189136	  0.090089	  0.135256	  0.089967	  0.009644	  0.011109	 20.105287	 20.288396	 18.864729	 20.176242
16:15:16 10-4-2026	1323.661778	  0.000000	  0.000000	  0.000000	  0.142702	 -0.902152	  0.189364	  0.089113	  0.135256	  0.091066	  0.009522	  0.011109	 20.116732	 20.276951	 18.853285	 20.180819
16:15:17 10-4-2026	1228.791821	  0.000000	  0.000000	  0.000000	  0.142397	 -0.902380	  0.188869	  0.090394	  0.135378	  0.090761	  0.009827	  0.011109	 20.109865	 20.283818	 18.857862	 20.199130
16:15:18 10-4-2026	1263.284223	  0.000000	  0.000000	  0.000000	  0.143191	 -0.901350	  0.189746	  0.088197	  0.135256	  0.091981	  0.010010	  0.010925	 20.105287	 20.288396	 18.853285	 20.194553
16:15:19 10-4-2026	1192.172197	  0.000000	  0.000000	  0.000000	  0.142580	 -0.901961	  0.188869	  0.091371	  0.135378	  0.090883	  0.009522	  0.011231	 20.109865	 20.288396	 18.857862	 20.180819
16:15:20 10-4-2026	1192.172197	  0.000000	  0.000000	  0.000000	  0.142397	 -0.901961	  0.189364	  0.088991	  0.135378	  0.089784	  0.009827	  0.010925	 20.109865	 20.288396	 18.857862	 20.176242
16:15:21 10-4-2026	1192.172197	  0.000000	  0.000000	  0.000000	  0.142397	 -0.902953	  0.189364	  0.091676	  0.135378	  0.090883	  0.009644	  0.011109	 20.109865	 20.276951	 18.853285	 20.176242
16:15:22 10-4-2026	1218.395951	  0.000000	  0.000000	  0.000000	  0.142397	 -0.900778	  0.189441	  0.089601	  0.135256	  0.091066	  0.009522	  0.011109	 20.109865	 20.283818	 18.853285	 20.187686
16:15:23 10-4-2026	1192.172197	  0.000000	  0.000000	  0.000000	  0.142702	 -0.900587	  0.189441	  0.092164	  0.135378	  0.091859	  0.009522	  0.011109	 20.109865	 20.288396	 18.853285	 20.187686
16:15:24 10-4-2026	1190.201665	  0.000000	  0.000000	  0.000000	  0.141909	 -0.899672	  0.190127	  0.089296	  0.135561	  0.090394	  0.009827	  0.011231	 20.109865	 20.288396	 18.853285	 20.180819
16:15:25 10-4-2026	1192.172197	  0.000000	  0.000000	  0.000000	  0.142397	 -0.899863	  0.190242	  0.089479	  0.135744	  0.090883	  0.009827	  0.011109	 20.109865	 20.283818	 18.864729	 20.169375
16:15:26 10-4-2026	1188.237636	  0.000000	  0.000000	  0.000000	  0.142885	 -0.891623	  0.190433	  0.089601	  0.135561	  0.090883	  0.009827	  0.011231	 20.116732	 20.295262	 18.857862	 20.187686
16:15:27 10-4-2026	1190.201665	  0.000000	  0.000000	  0.000000	  0.143008	 -0.870756	  0.189136	  0.075135	  0.135866	  0.121706	  0.011597	  0.011597	 20.105287	 20.288396	 18.853285	 20.180819
16:15:28 10-4-2026	1190.201665	  0.000000	  0.000000	  0.000000	  0.141909	 -0.865225	  0.189631	  0.074525	  0.135744	  0.083558	  0.013611	  0.010315	 20.116732	 20.276951	 18.857862	 20.187686
16:15:29 10-4-2026	1188.237636	  0.000000	  0.000000	  0.000000	  0.141909	 -0.868887	  0.189555	  0.092958	  0.136049	  0.077516	  0.009644	  0.010803	 20.109865	 20.283818	 18.853285	 20.180819
16:15:30 10-4-2026	1188.237636	  0.000000	  0.000000	  0.000000	  0.142885	 -0.870871	  0.190356	  0.104372	  0.136049	  0.071168	  0.009033	  0.013184	 20.128176	 20.283818	 18.857862	 20.169375
16:15:31 10-4-2026	1190.201665	  0.000000	  0.000000	  0.000000	  0.143496	 -0.883803	  0.190051	  0.100893	  0.135866	  0.115846	  0.009827	  0.010620	 20.109865	 20.302129	 18.864729	 20.180819
16:15:32 10-4-2026	1186.280078	  0.000000	  0.000000	  0.000000	  0.142092	 -0.889639	  0.190051	  0.085817	  0.135866	  0.099489	  0.009033	  0.010925	 20.116732	 20.295262	 18.857862	 20.180819
16:15:33 10-4-2026	1190.201665	  0.000000	  0.000000	  0.000000	  0.141909	 -0.893835	  0.190623	  0.099977	  0.135866	  0.104372	  0.012024	  0.010925	 20.116732	 20.302129	 18.853285	 20.176242
16:15:34 10-4-2026	1184.328959	  0.000000	  0.000000	  0.000000	  0.141299	 -0.894522	  0.189136	  0.082643	  0.136049	  0.072633	  0.012207	  0.011902	 20.109865	 20.313573	 18.853285	 20.205997
