Time            	RT01 (RPM)     	RT02 (RPM)    	FT01 (m3/h)   	FT02 (m3/h)   	PT01 (bar)    	PT02 (bar)    	PT03 (bar)    	PT04 (bar)    	PT05 (bar)    	PT06 (bar)    	PT07 (bar)    	PT08 (bar)    	TT01 (C)      	TT02 (C)      	TT03 (C)      	TT04 (C)      
14:45:19 10-4-2026	718.634738	  0.000000	  1.361523	  0.000000	  0.140017	 -0.292477	  0.156367	  0.101198	  0.102358	  0.097902	  0.010010	  0.010437	 18.404669	 18.418402	 18.512245	 18.370336
14:45:20 10-4-2026	717.203194	  0.000000	  1.361523	  0.000000	  0.140810	 -0.283055	  0.156558	  0.097414	  0.102174	  0.094728	  0.008728	  0.010620	 18.400092	 18.411536	 18.530556	 18.370336
14:45:21 10-4-2026	715.777343	  0.000000	  1.361523	  0.000000	  0.140139	 -0.281834	  0.156367	  0.092958	  0.101869	  0.099611	  0.009216	  0.010315	 18.400092	 18.411536	 18.512245	 18.363470
14:45:22 10-4-2026	715.777343	  0.000000	  1.362347	  0.000000	  0.140139	 -0.287823	  0.156481	  0.093568	  0.102174	  0.095521	  0.007630	  0.010437	 18.400092	 18.411536	 18.519112	 18.363470
14:45:23 10-4-2026	715.777343	  0.000000	  1.362347	  0.000000	  0.140017	 -0.282826	  0.156062	  0.101564	  0.102358	  0.096132	  0.008850	  0.009522	 18.393225	 18.418402	 18.519112	 18.370336
14:45:24 10-4-2026	797.421935	  0.000000	  1.361523	  0.000000	  0.140505	 -0.277066	  0.156558	  0.093935	  0.102174	  0.098512	  0.008423	  0.010620	 18.393225	 18.422980	 18.512245	 18.374914
14:45:25 10-4-2026	747.738325	  0.000000	  1.361523	  0.000000	  0.140810	 -0.290684	  0.156558	  0.088991	  0.102174	  0.094057	  0.009644	  0.010010	 18.404669	 18.422980	 18.500801	 18.374914
14:45:26 10-4-2026	716.489559	  0.000000	  1.362347	  0.000000	  0.139712	 -0.279355	  0.156062	  0.098817	  0.101991	  0.098512	  0.007630	  0.010925	 18.400092	 18.411536	 18.512245	 18.374914
14:45:27 10-4-2026	716.489559	  0.000000	  1.361523	  0.000000	  0.140627	 -0.284810	  0.156481	  0.095338	  0.102174	  0.095827	  0.008850	  0.010620	 18.400092	 18.418402	 18.525978	 18.370336
14:45:28 10-4-2026	716.489559	  0.000000	  1.361523	  0.000000	  0.139834	 -0.275692	  0.155375	  0.098695	  0.102174	  0.095521	  0.009033	  0.010315	 18.400092	 18.429847	 18.519112	 18.374914
14:45:29 10-4-2026	716.489559	  0.000000	  1.361523	  0.000000	  0.140627	 -0.284924	  0.156748	  0.096742	  0.101991	  0.096742	  0.010315	  0.010315	 18.404669	 18.411536	 18.507668	 18.381781
14:45:30 10-4-2026	715.777343	  0.000000	  1.362347	  0.000000	  0.139223	 -0.276493	  0.156252	  0.096437	  0.101991	  0.095949	  0.008057	  0.010925	 18.400092	 18.422980	 18.519112	 18.381781
14:45:31 10-4-2026	715.777343	  0.000000	  1.362347	  0.000000	  0.140810	 -0.288891	  0.156252	  0.097719	  0.102358	  0.102174	  0.008057	  0.010925	 18.400092	 18.418402	 18.512245	 18.374914
14:45:32 10-4-2026	717.203194	  0.000000	  1.361523	  0.000000	  0.141604	 -0.295148	  0.156558	  0.096132	  0.102358	  0.091859	  0.009644	  0.010437	 18.411536	 18.411536	 18.519112	 18.370336
14:45:33 10-4-2026	716.489559	  0.000000	  1.361523	  0.000000	  0.140017	 -0.283627	  0.155985	  0.099794	  0.102174	  0.100099	  0.009644	  0.010010	 18.393225	 18.429847	 18.525978	 18.374914
14:45:34 10-4-2026	716.489559	  0.000000	  1.362347	  0.000000	  0.139834	 -0.281643	  0.156252	  0.091554	  0.102174	  0.096620	  0.010010	  0.010132	 18.411536	 18.422980	 18.525978	 18.374914
14:45:35 10-4-2026	715.777343	  0.000000	  1.361523	  0.000000	  0.140322	 -0.285725	  0.156252	  0.091066	  0.102358	  0.093263	  0.009827	  0.010437	 18.393225	 18.429847	 18.519112	 18.374914
14:45:36 10-4-2026	716.489559	  0.000000	  1.361523	  0.000000	  0.140810	 -0.283131	  0.156672	  0.105531	  0.102358	  0.096132	  0.010803	  0.010315	 18.400092	 18.418402	 18.512245	 18.370336
14:45:37 10-4-2026	716.489559	  0.000000	  1.362347	  0.000000	  0.141299	 -0.273785	  0.156252	  0.091371	  0.102358	  0.097719	  0.009033	  0.009827	 18.400092	 18.418402	 18.525978	 18.381781
14:45:38 10-4-2026	715.777343	  0.000000	  1.362347	  0.000000	  0.139040	 -0.288014	  0.155756	  0.098817	  0.102358	  0.096742	  0.008850	  0.010315	 18.400092	 18.418402	 18.519112	 18.370336
14:45:39 10-4-2026	716.489559	  0.000000	  1.362347	  0.000000	  0.140139	 -0.281338	  0.156062	  0.102480	  0.102358	  0.096315	  0.009644	  0.009644	 18.400092	 18.422980	 18.512245	 18.388647
14:45:40 10-4-2026	717.203194	  0.000000	  1.361523	  0.000000	  0.139834	 -0.288586	  0.156481	  0.095644	  0.102480	  0.092775	  0.010803	  0.010010	 18.404669	 18.422980	 18.525978	 18.374914
14:45:41 10-4-2026	779.298709	  0.000000	  1.362347	  0.000000	  0.139712	 -0.283055	  0.155756	  0.094057	  0.102358	  0.091676	  0.008850	  0.010315	 18.400092	 18.422980	 18.519112	 18.370336
14:45:42 10-4-2026	731.780495	  0.000000	  1.362347	  0.000000	  0.140505	 -0.288319	  0.156558	  0.098817	  0.102358	  0.094057	  0.010010	  0.009522	 18.400092	 18.422980	 18.507668	 18.374914
14:45:43 10-4-2026	716.489559	  0.000000	  1.361523	  0.000000	  0.140322	 -0.273899	  0.156176	  0.104738	  0.102358	  0.095033	  0.010315	  0.010620	 18.400092	 18.422980	 18.519112	 18.381781
14:45:44 10-4-2026	716.489559	  0.000000	  1.361523	  0.000000	  0.140139	 -0.294881	  0.156481	  0.091371	  0.102358	  0.094240	  0.010010	  0.010315	 18.400092	 18.422980	 18.519112	 18.370336
14:45:45 10-4-2026	715.777343	  0.000000	  1.362347	  0.000000	  0.140505	 -0.303311	  0.155756	  0.101381	  0.102358	  0.091554	  0.010315	  0.010803	 18.400092	 18.418402	 18.525978	 18.381781
14:45:46 10-4-2026	716.489559	  0.000000	  1.362347	  0.000000	  0.140322	 -0.275006	  0.156367	  0.098207	  0.102358	  0.096437	  0.007446	  0.009827	 18.400092	 18.422980	 18.512245	 18.381781
14:45:47 10-4-2026	715.777343	  0.000000	  1.361523	  0.000000	  0.140810	 -0.284924	  0.156977	  0.099001	  0.102358	  0.098512	  0.008850	  0.010010	 18.400092	 18.422980	 18.512245	 18.374914
14:45:48 10-4-2026	716.489559	  0.000000	  1.361523	  0.000000	  0.139528	 -0.284810	  0.156748	  0.097902	  0.102174	  0.100404	  0.006958	  0.010620	 18.404669	 18.429847	 18.512245	 18.374914
14:45:49 10-4-2026	715.777343	  0.000000	  1.357952	  0.000000	  0.139345	 -0.280461	  0.155871	  0.086915	  0.102358	  0.096742	  0.006775	  0.010925	 18.404669	 18.429847	 18.512245	 18.400092
14:45:50 10-4-2026	715.777343	  0.000000	  1.357952	  0.000000	  0.139834	 -0.275273	  0.156252	  0.101564	  0.102358	  0.095521	  0.010437	  0.010132	 18.404669	 18.422980	 18.512245	 18.381781
14:45:51 10-4-2026	717.918252	  0.000000	  1.357403	  0.000000	  0.139834	 -0.293965	  0.156977	  0.092164	  0.102358	  0.095033	  0.011109	  0.010437	 18.400092	 18.418402	 18.519112	 18.381781
14:45:52 10-4-2026	716.489559	  0.000000	  1.357403	  0.000000	  0.140139	 -0.294347	  0.156558	  0.096437	  0.102358	  0.096315	  0.008850	  0.011231	 18.404669	 18.418402	 18.525978	 18.374914
14:45:53 10-4-2026	717.203194	  0.000000	  1.357403	  0.000000	  0.140139	 -0.275998	  0.157244	  0.099001	  0.102480	  0.094850	  0.010803	  0.009339	 18.404669	 18.418402	 18.519112	 18.374914
14:45:54 10-4-2026	716.489559	  0.000000	  1.357403	  0.000000	  0.139528	 -0.287518	  0.156252	  0.101869	  0.102358	  0.097719	  0.009216	  0.010803	 18.411536	 18.422980	 18.519112	 18.370336
14:45:55 10-4-2026	717.203194	  0.000000	  1.357403	  0.000000	  0.140505	 -0.276379	  0.155756	  0.100282	  0.102358	  0.097597	  0.008545	  0.010803	 18.404669	 18.429847	 18.519112	 18.374914
14:45:56 10-4-2026	717.203194	  0.000000	  1.357403	  0.000000	  0.139223	 -0.295071	  0.156062	  0.094362	  0.102480	  0.095155	  0.009644	  0.011109	 18.404669	 18.418402	 18.512245	 18.393225
14:45:57 10-4-2026	717.203194	  0.000000	  1.357403	  0.000000	  0.140627	 -0.285611	  0.156748	  0.095155	  0.102358	  0.097597	  0.009827	  0.010010	 18.404669	 18.411536	 18.530556	 18.388647
14:45:58 10-4-2026	762.788143	  0.000000	  1.357952	  0.000000	  0.140017	 -0.284810	  0.156748	  0.095949	  0.102480	  0.092653	  0.010437	  0.010132	 18.404669	 18.422980	 18.519112	 18.381781
14:45:59 10-4-2026	717.203194	  0.000000	  1.361523	  0.000000	  0.139528	 -0.277562	  0.156176	  0.099184	  0.102358	  0.092958	  0.010620	  0.009827	 18.411536	 18.422980	 18.512245	 18.381781
14:46:00 10-4-2026	717.203194	  0.000000	  1.361523	  0.000000	  0.139528	 -0.274090	  0.156558	  0.088197	  0.102358	  0.093568	  0.009339	  0.010437	 18.404669	 18.422980	 18.519112	 18.374914
14:46:01 10-4-2026	716.489559	  0.000000	  1.361523	  0.000000	  0.140810	 -0.287404	  0.156977	  0.095949	  0.102358	  0.099611	  0.007630	  0.010437	 18.404669	 18.422980	 18.519112	 18.374914
14:46:02 10-4-2026	717.203194	  0.000000	  1.362347	  0.000000	  0.141299	 -0.280842	  0.156252	  0.099306	  0.102480	  0.091859	  0.009827	  0.010925	 18.404669	 18.422980	 18.512245	 18.388647
14:46:03 10-4-2026	717.203194	  0.000000	  1.361523	  0.000000	  0.140627	 -0.285916	  0.156481	  0.090883	  0.102358	  0.097719	  0.010315	  0.009644	 18.400092	 18.418402	 18.519112	 18.381781
14:46:04 10-4-2026	716.489559	  0.000000	  1.361523	  0.000000	  0.140017	 -0.280766	  0.156748	  0.094057	  0.102480	  0.098817	  0.006165	  0.010010	 18.404669	 18.422980	 18.519112	 18.381781
14:46:05 10-4-2026	716.489559	  0.000000	  1.361523	  0.000000	  0.140139	 -0.270314	  0.155985	  0.100771	  0.102358	  0.093568	  0.008240	  0.010010	 18.411536	 18.418402	 18.519112	 18.374914
14:46:06 10-4-2026	716.489559	  0.000000	  1.361523	  0.000000	  0.140139	 -0.282330	  0.156672	  0.099611	  0.102358	  0.093935	  0.009522	  0.010132	 18.404669	 18.418402	 18.512245	 18.381781
14:46:07 10-4-2026	715.066541	  0.000000	  1.361523	  0.000000	  0.140627	 -0.291981	  0.156558	  0.095949	  0.102358	  0.093263	  0.010620	  0.009522	 18.400092	 18.418402	 18.519112	 18.374914
14:46:08 10-4-2026	716.489559	  0.000000	  1.361523	  0.000000	  0.140017	 -0.276493	  0.156863	  0.099977	  0.102358	  0.101198	  0.007446	  0.010315	 18.411536	 18.418402	 18.530556	 18.388647
14:46:09 10-4-2026	715.066541	  0.000000	  1.360973	  0.000000	  0.140139	 -0.284428	  0.156977	  0.094545	  0.102358	  0.094850	  0.008728	  0.010132	 18.404669	 18.418402	 18.512245	 18.370336
14:46:10 10-4-2026	717.203194	  0.000000	  1.357403	  0.000000	  0.140322	 -0.280957	  0.156748	  0.093751	  0.102358	  0.092348	  0.010132	  0.010437	 18.400092	 18.422980	 18.519112	 18.381781
14:46:11 10-4-2026	716.489559	  0.000000	  1.357403	  0.000000	  0.140017	 -0.281453	  0.155985	  0.098512	  0.102358	  0.096925	  0.005859	  0.010803	 18.400092	 18.422980	 18.525978	 18.370336
14:46:12 10-4-2026	716.489559	  0.000000	  1.357403	  0.000000	  0.140322	 -0.288815	  0.156367	  0.103456	  0.102358	  0.096925	  0.009644	  0.010132	 18.411536	 18.418402	 18.519112	 18.381781
14:46:13 10-4-2026	716.489559	  0.000000	  1.357403	  0.000000	  0.140322	 -0.281338	  0.156558	  0.097108	  0.102480	  0.098512	  0.008240	  0.010315	 18.418402	 18.418402	 18.519112	 18.388647
14:46:14 10-4-2026	796.539831	  0.000000	  1.357403	  0.000000	  0.141421	 -0.288205	  0.156977	  0.104067	  0.102358	  0.097108	  0.009216	  0.010803	 18.404669	 18.422980	 18.519112	 18.381781
14:46:15 10-4-2026	747.738325	  0.000000	  1.357403	  0.000000	  0.141909	 -0.294957	  0.156672	  0.090394	  0.102480	  0.096620	  0.008057	  0.010925	 18.404669	 18.418402	 18.512245	 18.374914
14:46:16 10-4-2026	717.203194	  0.000000	  1.357403	  0.000000	  0.140505	 -0.284428	  0.156558	  0.092164	  0.102480	  0.097902	  0.011109	  0.010010	 18.411536	 18.422980	 18.525978	 18.374914
14:46:17 10-4-2026	717.203194	  0.000000	  1.357403	  0.000000	  0.139345	 -0.278782	  0.156558	  0.089967	  0.102358	  0.094545	  0.007935	  0.010315	 18.411536	 18.422980	 18.512245	 18.381781
14:46:18 10-4-2026	715.777343	  0.000000	  1.357952	  0.000000	  0.140017	 -0.293774	  0.156481	  0.099184	  0.102358	  0.100099	  0.009339	  0.009339	 18.418402	 18.422980	 18.512245	 18.381781
14:46:19 10-4-2026	716.489559	  0.000000	  1.361523	  0.000000	  0.140627	 -0.285420	  0.156748	  0.091554	  0.102480	  0.095155	  0.011902	  0.009033	 18.418402	 18.422980	 18.519112	 18.381781
14:46:20 10-4-2026	717.203194	  0.000000	  1.361523	  0.000000	  0.141115	 -0.291104	  0.156672	  0.099306	  0.102480	  0.093935	  0.010010	  0.010437	 18.400092	 18.418402	 18.519112	 18.381781
14:46:21 10-4-2026	714.357150	  0.000000	  1.361523	  0.000000	  0.140505	 -0.295567	  0.156558	  0.094240	  0.102358	  0.099306	  0.010620	  0.010803	 18.411536	 18.422980	 18.525978	 18.374914
14:46:22 10-4-2026	715.777343	  0.000000	  1.362347	  0.000000	  0.139528	 -0.281643	  0.156863	  0.099794	  0.102358	  0.090761	  0.010315	  0.009827	 18.404669	 18.422980	 18.519112	 18.374914
14:46:23 10-4-2026	715.777343	  0.000000	  1.366741	  0.000000	  0.140017	 -0.276379	  0.156672	  0.096437	  0.102480	  0.093141	  0.009522	  0.010620	 18.404669	 18.429847	 18.525978	 18.393225
14:46:24 10-4-2026	716.489559	  0.000000	  1.366741	  0.000000	  0.139712	 -0.285115	  0.156558	  0.091676	  0.102358	  0.093751	  0.010010	  0.009644	 18.411536	 18.434424	 18.519112	 18.381781
14:46:25 10-4-2026	717.203194	  0.000000	  1.366741	  0.000000	  0.140627	 -0.283932	  0.156367	  0.093751	  0.102480	  0.096315	  0.009827	  0.010620	 18.411536	 18.422980	 18.519112	 18.374914
14:46:26 10-4-2026	715.777343	  0.000000	  1.366741	  0.000000	  0.140322	 -0.268025	  0.157053	  0.098695	  0.102480	  0.099611	  0.011414	  0.011231	 18.411536	 18.429847	 18.519112	 18.374914
14:46:27 10-4-2026	716.489559	  0.000000	  1.365917	  0.000000	  0.140627	 -0.286831	  0.157053	  0.106325	  0.102358	  0.098512	  0.008423	  0.011109	 18.404669	 18.422980	 18.519112	 18.381781
14:46:28 10-4-2026	716.489559	  0.000000	  1.362347	  0.000000	  0.139223	 -0.286526	  0.156558	  0.090578	  0.102480	  0.096620	  0.010437	  0.010925	 18.411536	 18.422980	 18.525978	 18.374914
14:46:29 10-4-2026	715.777343	  0.000000	  1.362347	  0.000000	  0.140322	 -0.277180	  0.156481	  0.098512	  0.102480	  0.092470	  0.009339	  0.010925	 18.404669	 18.422980	 18.519112	 18.388647
14:46:30 10-4-2026	716.489559	  0.000000	  1.361523	  0.000000	  0.140627	 -0.277485	  0.156558	  0.094850	  0.102480	  0.095521	  0.009522	  0.010803	 18.411536	 18.429847	 18.519112	 18.381781
14:46:31 10-4-2026	776.776707	  0.000000	  1.361523	  0.000000	  0.141115	 -0.288090	  0.157359	  0.094545	  0.102358	  0.097230	  0.009827	  0.010010	 18.404669	 18.429847	 18.519112	 18.388647
14:46:32 10-4-2026	729.556238	  0.000000	  1.362347	  0.000000	  0.140139	 -0.278477	  0.156672	  0.099977	  0.102480	  0.093568	  0.009216	  0.010132	 18.404669	 18.422980	 18.512245	 18.381781
14:46:33 10-4-2026	716.489559	  0.000000	  1.361523	  0.000000	  0.140322	 -0.295758	  0.156481	  0.091188	  0.102663	  0.096742	  0.007630	  0.010803	 18.400092	 18.422980	 18.519112	 18.381781
14:46:34 10-4-2026	717.203194	  0.000000	  1.362347	  0.000000	  0.140139	 -0.288586	  0.156367	  0.099001	  0.102358	  0.093141	  0.010132	  0.010925	 18.404669	 18.418402	 18.530556	 18.388647
14:46:35 10-4-2026	715.777343	  0.000000	  1.361523	  0.000000	  0.140322	 -0.288510	  0.156672	  0.094728	  0.102785	  0.091066	  0.009216	  0.010437	 18.400092	 18.418402	 18.519112	 18.393225
14:46:36 10-4-2026	717.203194	  0.000000	  1.362347	  0.000000	  0.140932	 -0.289082	  0.157053	  0.088808	  0.102785	  0.092470	  0.010620	  0.010010	 18.404669	 18.429847	 18.519112	 18.374914
14:46:37 10-4-2026	715.777343	  0.000000	  1.361523	  0.000000	  0.141115	 -0.274395	  0.156367	  0.105348	  0.102663	  0.100282	  0.009216	  0.009827	 18.404669	 18.422980	 18.519112	 18.381781
14:46:38 10-4-2026	715.777343	  0.000000	  1.361523	  0.000000	  0.139712	 -0.283627	  0.156672	  0.093935	  0.102785	  0.095644	  0.009216	  0.010620	 18.411536	 18.422980	 18.525978	 18.388647
14:46:39 10-4-2026	716.489559	  0.000000	  1.362347	  0.000000	  0.140139	 -0.290799	  0.156748	  0.091554	  0.102785	  0.094240	  0.009339	  0.010620	 18.411536	 18.422980	 18.519112	 18.388647
14:46:40 10-4-2026	715.777343	  0.000000	  1.361523	  0.000000	  0.140810	 -0.282444	  0.156672	  0.091554	  0.102785	  0.096315	  0.008850	  0.010437	 18.404669	 18.429847	 18.525978	 18.388647
14:46:41 10-4-2026	716.489559	  0.000000	  1.362347	  0.000000	  0.141421	 -0.276875	  0.156863	  0.094362	  0.102968	  0.093751	  0.011414	  0.010803	 18.404669	 18.429847	 18.525978	 18.381781
14:46:42 10-4-2026	716.489559	  0.000000	  1.361523	  0.000000	  0.139712	 -0.273899	  0.157168	  0.094850	  0.102663	  0.095827	  0.009216	  0.011414	 18.411536	 18.422980	 18.519112	 18.374914
14:46:43 10-4-2026	716.489559	  0.000000	  1.362347	  0.000000	  0.141115	 -0.278782	  0.157244	  0.109499	  0.102785	  0.097902	  0.009339	  0.010925	 18.404669	 18.418402	 18.525978	 18.381781
14:46:44 10-4-2026	716.489559	  0.000000	  1.361523	  0.000000	  0.140810	 -0.282559	  0.156977	  0.099794	  0.102785	  0.098817	  0.009644	  0.010620	 18.404669	 18.429847	 18.519112	 18.381781
14:46:45 10-4-2026	717.203194	  0.000000	  1.362347	  0.000000	  0.139712	 -0.270809	  0.156558	  0.099794	  0.102663	  0.092348	  0.010620	  0.010132	 18.441291	 18.422980	 18.519112	 18.374914
14:46:46 10-4-2026	715.777343	  0.000000	  1.361523	  0.000000	  0.139040	 -0.287900	  0.156863	  0.094240	  0.102480	  0.094728	  0.007263	  0.011902	 18.400092	 18.422980	 18.525978	 18.374914
14:46:47 10-4-2026	716.489559	  0.000000	  1.361523	  0.000000	  0.140017	 -0.271801	  0.156558	  0.098695	  0.102663	  0.094728	  0.010010	  0.010437	 18.418402	 18.429847	 18.525978	 18.388647
14:46:48 10-4-2026	758.769238	  0.000000	  1.365093	  0.000000	  0.139345	 -0.289082	  0.157053	  0.098024	  0.102480	  0.097902	  0.007446	  0.010315	 18.411536	 18.422980	 18.530556	 18.388647
14:46:49 10-4-2026	717.203194	  0.000000	  1.366741	  0.000000	  0.140139	 -0.279965	  0.156863	  0.093263	  0.102480	  0.092958	  0.009644	  0.010437	 18.404669	 18.429847	 18.525978	 18.381781
14:46:50 10-4-2026	715.066541	  0.000000	  1.366741	  0.000000	  0.139528	 -0.288891	  0.156672	  0.091554	  0.102663	  0.099489	  0.009033	  0.010315	 18.404669	 18.422980	 18.530556	 18.381781
14:46:51 10-4-2026	716.489559	  0.000000	  1.362347	  0.000000	  0.140932	 -0.279355	  0.156176	  0.094545	  0.102480	  0.092958	  0.007141	  0.010925	 18.404669	 18.429847	 18.519112	 18.381781
14:46:52 10-4-2026	715.777343	  0.000000	  1.362347	  0.000000	  0.139834	 -0.284428	  0.156481	  0.093141	  0.102480	  0.103273	  0.007752	  0.010132	 18.411536	 18.422980	 18.519112	 18.393225
14:46:53 10-4-2026	715.777343	  0.000000	  1.361523	  0.000000	  0.140505	 -0.272221	  0.156977	  0.085817	  0.102663	  0.100771	  0.011719	  0.010010	 18.404669	 18.434424	 18.519112	 18.381781
14:46:54 10-4-2026	716.489559	  0.000000	  1.362347	  0.000000	  0.140932	 -0.279355	  0.156977	  0.088197	  0.102663	  0.096742	  0.008850	  0.010620	 18.400092	 18.418402	 18.519112	 18.381781
14:46:55 10-4-2026	715.777343	  0.000000	  1.362347	  0.000000	  0.140322	 -0.264248	  0.156672	  0.095949	  0.102663	  0.095827	  0.007263	  0.010803	 18.400092	 18.429847	 18.512245	 18.374914
14:46:56 10-4-2026	717.203194	  0.000000	  1.362347	  0.000000	  0.140139	 -0.285611	  0.156252	  0.097108	  0.102663	  0.096315	  0.009522	  0.010803	 18.404669	 18.429847	 18.525978	 18.388647
14:46:57 10-4-2026	717.203194	  0.000000	  1.362347	  0.000000	  0.140017	 -0.283742	  0.156481	  0.090761	  0.102968	  0.092653	  0.010437	  0.010315	 18.404669	 18.429847	 18.519112	 18.393225
14:46:58 10-4-2026	716.489559	  0.000000	  1.365917	  0.000000	  0.140139	 -0.277676	  0.156863	  0.101381	  0.102968	  0.094057	  0.009827	  0.010803	 18.404669	 18.429847	 18.519112	 18.381781
14:46:59 10-4-2026	716.489559	  0.000000	  1.366741	  0.000000	  0.140017	 -0.283932	  0.156672	  0.095827	  0.102968	  0.097230	  0.008545	  0.010437	 18.404669	 18.422980	 18.525978	 18.381781
14:47:00 10-4-2026	715.777343	  0.000000	  1.366741	  0.000000	  0.140627	 -0.289082	  0.157168	  0.109194	  0.102968	  0.093568	  0.009339	  0.010925	 18.411536	 18.429847	 18.519112	 18.381781
14:47:01 10-4-2026	717.203194	  0.000000	  1.366741	  0.000000	  0.140322	 -0.283742	  0.156748	  0.095644	  0.102968	  0.093141	  0.009216	  0.010315	 18.404669	 18.429847	 18.525978	 18.381781
14:47:02 10-4-2026	717.203194	  0.000000	  1.366741	  0.000000	  0.140627	 -0.272297	  0.156672	  0.093141	  0.102968	  0.097719	  0.009216	  0.010010	 18.418402	 18.429847	 18.530556	 18.388647
14:47:03 10-4-2026	715.777343	  0.000000	  1.366741	  0.000000	  0.139345	 -0.279774	  0.156672	  0.089113	  0.102785	  0.094362	  0.009033	  0.011109	 18.411536	 18.429847	 18.519112	 18.374914
14:47:04 10-4-2026	791.287920	  0.000000	  1.366741	  0.000000	  0.140322	 -0.283055	  0.157664	  0.094850	  0.102785	  0.105043	  0.007935	  0.010803	 18.429847	 18.429847	 18.519112	 18.393225
14:47:05 10-4-2026	742.342275	  0.000000	  1.366741	  0.000000	  0.140932	 -0.292096	  0.157473	  0.093446	  0.103151	  0.091981	  0.011597	  0.010437	 18.411536	 18.429847	 18.525978	 18.393225
14:47:06 10-4-2026	715.066541	  0.000000	  1.367291	  0.000000	  0.140322	 -0.285534	  0.156672	  0.101076	  0.103151	  0.092470	  0.009033	  0.011597	 18.411536	 18.429847	 18.525978	 18.393225
14:47:07 10-4-2026	715.777343	  0.000000	  1.365917	  0.000000	  0.141115	 -0.281949	  0.156748	  0.093141	  0.102785	  0.100282	  0.009339	  0.010315	 18.411536	 18.429847	 18.537423	 18.381781
14:47:08 10-4-2026	715.777343	  0.000000	  1.366741	  0.000000	  0.139345	 -0.278363	  0.156977	  0.099306	  0.102785	  0.093751	  0.008545	  0.010803	 18.418402	 18.422980	 18.525978	 18.381781
14:47:09 10-4-2026	715.777343	  0.000000	  1.366741	  0.000000	  0.139528	 -0.301137	  0.156748	  0.099611	  0.102663	  0.096620	  0.007446	  0.010010	 18.393225	 18.422980	 18.537423	 18.374914
14:47:10 10-4-2026	716.489559	  0.000000	  1.362347	  0.000000	  0.140017	 -0.273404	  0.157244	  0.097597	  0.102785	  0.098817	  0.008728	  0.009644	 18.411536	 18.434424	 18.525978	 18.388647
14:47:11 10-4-2026	717.203194	  0.000000	  1.362347	  0.000000	  0.140627	 -0.277676	  0.156748	  0.091676	  0.102785	  0.091371	  0.009827	  0.010010	 18.411536	 18.434424	 18.519112	 18.393225
14:47:12 10-4-2026	717.203194	  0.000000	  1.362347	  0.000000	  0.140505	 -0.284123	  0.156863	  0.098207	  0.102785	  0.091676	  0.010315	  0.010437	 18.411536	 18.448157	 18.530556	 18.388647
14:47:13 10-4-2026	717.203194	  0.000000	  1.362347	  0.000000	  0.141299	 -0.289807	  0.156252	  0.095521	  0.102968	  0.095644	  0.009522	  0.010437	 18.411536	 18.429847	 18.525978	 18.381781
14:47:14 10-4-2026	715.777343	  0.000000	  1.362347	  0.000000	  0.139712	 -0.286107	  0.156863	  0.103944	  0.102663	  0.091676	  0.011719	  0.008240	 18.411536	 18.422980	 18.530556	 18.388647
14:47:15 10-4-2026	717.203194	  0.000000	  1.365917	  0.000000	  0.140505	 -0.289883	  0.156481	  0.089113	  0.102968	  0.092470	  0.009522	  0.010132	 18.404669	 18.422980	 18.525978	 18.381781
14:47:16 10-4-2026	716.489559	  0.000000	  1.366741	  0.000000	  0.139834	 -0.287098	  0.156863	  0.100893	  0.102663	  0.100771	  0.008057	  0.011719	 18.411536	 18.429847	 18.519112	 18.381781
14:47:17 10-4-2026	716.489559	  0.000000	  1.366741	  0.000000	  0.140932	 -0.292668	  0.157473	  0.099306	  0.102785	  0.092958	  0.009339	  0.010315	 18.418402	 18.422980	 18.525978	 18.381781
14:47:18 10-4-2026	715.777343	  0.000000	  1.366741	  0.000000	  0.140627	 -0.280156	  0.157359	  0.095521	  0.103151	  0.097108	  0.010315	  0.010132	 18.422980	 18.434424	 18.519112	 18.388647
14:47:19 10-4-2026	714.357150	  0.000000	  1.365917	  0.000000	  0.139345	 -0.279469	  0.157359	  0.084230	  0.102968	  0.098512	  0.013489	  0.010010	 18.404669	 18.434424	 18.519112	 18.388647
14:47:20 10-4-2026	714.357150	  0.000000	  1.367291	  0.000000	  0.140322	 -0.283742	  0.157168	  0.097597	  0.103151	  0.096437	  0.006775	  0.011109	 18.411536	 18.434424	 18.519112	 18.388647
14:47:21 10-4-2026	772.609450	  0.000000	  1.366741	  0.000000	  0.141421	 -0.289578	  0.156748	  0.092958	  0.103151	  0.095644	  0.009644	  0.011109	 18.411536	 18.429847	 18.519112	 18.388647
14:47:22 10-4-2026	725.879040	  0.000000	  1.366741	  0.000000	  0.139712	 -0.289693	  0.157549	  0.091554	  0.102785	  0.096742	  0.010925	  0.010132	 18.411536	 18.429847	 18.525978	 18.388647
14:47:23 10-4-2026	716.489559	  0.000000	  1.366741	  0.000000	  0.140017	 -0.289883	  0.157359	  0.097230	  0.103151	  0.094362	  0.009827	  0.010315	 18.418402	 18.429847	 18.525978	 18.388647
14:47:24 10-4-2026	716.489559	  0.000000	  1.366741	  0.000000	  0.139345	 -0.277562	  0.156863	  0.100893	  0.103151	  0.092164	  0.010315	  0.010132	 18.422980	 18.429847	 18.525978	 18.388647
14:47:25 10-4-2026	717.918252	  0.000000	  1.366741	  0.000000	  0.139834	 -0.294881	  0.156748	  0.095155	  0.103151	  0.095644	  0.009644	  0.010437	 18.411536	 18.434424	 18.525978	 18.388647
14:47:26 10-4-2026	715.777343	  0.000000	  1.366741	  0.000000	  0.140322	 -0.283742	  0.156863	  0.093141	  0.103151	  0.094240	  0.012024	  0.010803	 18.418402	 18.434424	 18.519112	 18.393225
14:47:27 10-4-2026	716.489559	  0.000000	  1.366741	  0.000000	  0.140505	 -0.296368	  0.157053	  0.103761	  0.103151	  0.099611	  0.010010	  0.011231	 18.411536	 18.429847	 18.525978	 18.388647
14:47:28 10-4-2026	716.489559	  0.000000	  1.366741	  0.000000	  0.140139	 -0.281758	  0.156672	  0.098024	  0.103151	  0.091554	  0.010010	  0.010010	 18.422980	 18.429847	 18.525978	 18.388647
14:47:29 10-4-2026	716.489559	  0.000000	  1.366741	  0.000000	  0.140627	 -0.289578	  0.157053	  0.095827	  0.102968	  0.093263	  0.012512	  0.010132	 18.422980	 18.434424	 18.525978	 18.388647
14:47:30 10-4-2026	716.489559	  0.000000	  1.366741	  0.000000	  0.140139	 -0.286908	  0.157359	  0.089601	  0.102968	  0.098390	  0.009216	  0.009827	 18.422980	 18.429847	 18.525978	 18.388647
14:47:31 10-4-2026	716.489559	  0.000000	  1.365917	  0.000000	  0.139040	 -0.290875	  0.156748	  0.094850	  0.102968	  0.097719	  0.007752	  0.010620	 18.411536	 18.434424	 18.525978	 18.404669
14:47:32 10-4-2026	715.777343	  0.000000	  1.366741	  0.000000	  0.139712	 -0.280957	  0.156977	  0.094545	  0.102968	  0.096315	  0.009033	  0.010620	 18.429847	 18.434424	 18.525978	 18.393225
14:47:33 10-4-2026	715.066541	  0.000000	  1.366741	  0.000000	  0.139834	 -0.273404	  0.157244	  0.092164	  0.102785	  0.095949	  0.007752	  0.010132	 18.429847	 18.434424	 18.525978	 18.388647
14:47:34 10-4-2026	717.203194	  0.000000	  1.366741	  0.000000	  0.139040	 -0.287098	  0.156977	  0.097230	  0.102663	  0.095155	  0.010437	  0.010010	 18.411536	 18.429847	 18.525978	 18.388647
14:47:35 10-4-2026	715.777343	  0.000000	  1.366741	  0.000000	  0.140139	 -0.282635	  0.156748	  0.088685	  0.102785	  0.092653	  0.010315	  0.011231	 18.411536	 18.434424	 18.530556	 18.388647
14:47:36 10-4-2026	717.203194	  0.000000	  1.363171	  0.000000	  0.140627	 -0.281071	  0.156977	  0.097414	  0.103151	  0.092958	  0.012024	  0.009827	 18.411536	 18.429847	 18.519112	 18.381781
14:47:37 10-4-2026	716.489559	  0.000000	  1.362347	  0.000000	  0.140139	 -0.281453	  0.157244	  0.096742	  0.103151	  0.097719	  0.011109	  0.010925	 18.411536	 18.434424	 18.525978	 18.381781
14:47:38 10-4-2026	753.213397	  0.000000	  1.363171	  0.000000	  0.140932	 -0.281949	  0.156977	  0.088319	  0.103151	  0.095033	  0.010803	  0.010315	 18.400092	 18.434424	 18.525978	 18.388647
14:47:39 10-4-2026	716.489559	  0.000000	  1.362347	  0.000000	  0.140139	 -0.290875	  0.156977	  0.097597	  0.103151	  0.099001	  0.006470	  0.011231	 18.411536	 18.434424	 18.525978	 18.388647
14:47:40 10-4-2026	715.777343	  0.000000	  1.361523	  0.000000	  0.140139	 -0.291867	  0.157664	  0.096620	  0.102968	  0.094545	  0.010132	  0.010620	 18.418402	 18.434424	 18.525978	 18.388647
14:47:41 10-4-2026	716.489559	  0.000000	  1.357952	  0.000000	  0.139712	 -0.285039	  0.156977	  0.096437	  0.102968	  0.095644	  0.008545	  0.010010	 18.418402	 18.434424	 18.530556	 18.388647
14:47:42 10-4-2026	716.489559	  0.000000	  1.356579	  0.000000	  0.140505	 -0.283932	  0.156367	  0.094240	  0.102968	  0.099184	  0.007935	  0.010132	 18.418402	 18.434424	 18.525978	 18.388647
14:47:43 10-4-2026	715.777343	  0.000000	  1.357403	  0.000000	  0.139223	 -0.285611	  0.157168	  0.095949	  0.102968	  0.093446	  0.006958	  0.010803	 18.418402	 18.434424	 18.530556	 18.388647
14:47:44 10-4-2026	715.777343	  0.000000	  1.357952	  0.000000	  0.140810	 -0.284237	  0.157855	  0.095827	  0.102968	  0.102358	  0.008545	  0.010132	 18.418402	 18.441291	 18.530556	 18.388647
14:47:45 10-4-2026	716.489559	  0.000000	  1.357403	  0.000000	  0.140810	 -0.284237	  0.157244	  0.097597	  0.102785	  0.096742	  0.009827	  0.009827	 18.418402	 18.434424	 18.530556	 18.388647
14:47:46 10-4-2026	716.489559	  0.000000	  1.357403	  0.000000	  0.140505	 -0.289883	  0.156481	  0.095827	  0.102968	  0.092470	  0.010010	  0.010803	 18.418402	 18.441291	 18.537423	 18.388647
14:47:47 10-4-2026	716.489559	  0.000000	  1.357403	  0.000000	  0.140505	 -0.287327	  0.156977	  0.097597	  0.102968	  0.095155	  0.010315	  0.009339	 18.422980	 18.434424	 18.519112	 18.381781
14:47:48 10-4-2026	716.489559	  0.000000	  1.357403	  0.000000	  0.140627	 -0.286831	  0.157244	  0.092958	  0.102968	  0.094057	  0.011414	  0.008423	 18.411536	 18.434424	 18.530556	 18.400092
14:47:49 10-4-2026	716.489559	  0.000000	  1.357403	  0.000000	  0.139223	 -0.294347	  0.157549	  0.087892	  0.103151	  0.094240	  0.010315	  0.010315	 18.418402	 18.441291	 18.530556	 18.393225
14:47:50 10-4-2026	717.203194	  0.000000	  1.357403	  0.000000	  0.140810	 -0.281643	  0.157053	  0.092958	  0.103151	  0.095155	  0.009339	  0.010132	 18.418402	 18.429847	 18.525978	 18.381781
14:47:51 10-4-2026	715.777343	  0.000000	  1.357403	  0.000000	  0.140322	 -0.281147	  0.157359	  0.088014	  0.103151	  0.091554	  0.010925	  0.009827	 18.418402	 18.434424	 18.525978	 18.400092
14:47:52 10-4-2026	716.489559	  0.000000	  1.361523	  0.000000	  0.139834	 -0.276303	  0.156748	  0.090761	  0.103151	  0.099794	  0.007141	  0.009827	 18.418402	 18.448157	 18.525978	 18.393225
14:47:53 10-4-2026	717.203194	  0.000000	  1.362347	  0.000000	  0.140139	 -0.280041	  0.156977	  0.098024	  0.102785	  0.097414	  0.008728	  0.010437	 18.418402	 18.429847	 18.512245	 18.393225
14:47:54 10-4-2026	784.392165	  0.000000	  1.361523	  0.000000	  0.138918	 -0.271115	  0.156748	  0.096925	  0.103151	  0.097719	  0.008057	  0.010803	 18.418402	 18.441291	 18.525978	 18.388647
14:47:55 10-4-2026	735.517883	  0.000000	  1.362347	  0.000000	  0.140017	 -0.291791	  0.157168	  0.097414	  0.102968	  0.092775	  0.008728	  0.011597	 18.418402	 18.434424	 18.525978	 18.388647
14:47:56 10-4-2026	716.489559	  0.000000	  1.362347	  0.000000	  0.142092	 -0.281338	  0.157168	  0.089113	  0.102968	  0.087098	  0.007446	  0.009216	 18.422980	 18.441291	 18.525978	 18.393225
