Time            	RT01 (RPM)     	RT02 (RPM)    	FT01 (m3/h)   	FT02 (m3/h)   	PT01 (bar)    	PT02 (bar)    	PT03 (bar)    	PT04 (bar)    	PT05 (bar)    	PT06 (bar)    	PT07 (bar)    	PT08 (bar)    	TT01 (C)      	TT02 (C)      	TT03 (C)      	TT04 (C) 
14:48:59 10-4-2026	718.634738	  0.000000	  0.689973	  0.000000	  0.141299	 -0.324063	  0.156481	  0.093935	  0.102968	  0.091371	  0.008545	  0.009522	 18.418402	 18.441291	 18.525978	 18.404669
14:49:00 10-4-2026	717.918252	  0.000000	  0.689973	  0.000000	  0.142214	 -0.327039	  0.157664	  0.089967	  0.102968	  0.091066	  0.008850	  0.009827	 18.422980	 18.448157	 18.525978	 18.404669
14:49:01 10-4-2026	717.203194	  0.000000	  0.689973	  0.000000	  0.142214	 -0.334020	  0.157740	  0.088319	  0.102968	  0.094545	  0.008240	  0.009827	 18.422980	 18.448157	 18.530556	 18.388647
14:49:02 10-4-2026	718.634738	  0.000000	  0.690797	  0.000000	  0.141299	 -0.328336	  0.157359	  0.097414	  0.102968	  0.088991	  0.007446	  0.010010	 18.429847	 18.441291	 18.530556	 18.404669
14:49:03 10-4-2026	717.918252	  0.000000	  0.690797	  0.000000	  0.141299	 -0.330816	  0.156977	  0.093446	  0.102968	  0.091676	  0.007935	  0.010010	 18.434424	 18.441291	 18.519112	 18.400092
14:49:04 10-4-2026	717.203194	  0.000000	  0.690797	  0.000000	  0.140139	 -0.328527	  0.157053	  0.087404	  0.102968	  0.091981	  0.007141	  0.009644	 18.422980	 18.441291	 18.537423	 18.400092
14:49:05 10-4-2026	717.203194	  0.000000	  0.689973	  0.000000	  0.142214	 -0.325856	  0.158045	  0.096315	  0.103151	  0.095033	  0.008240	  0.010803	 18.422980	 18.452735	 18.530556	 18.404669
14:49:06 10-4-2026	717.918252	  0.000000	  0.690797	  0.000000	  0.141299	 -0.330243	  0.157053	  0.089479	  0.102968	  0.093263	  0.009339	  0.009522	 18.422980	 18.448157	 18.537423	 18.400092
14:49:07 10-4-2026	717.918252	  0.000000	  0.690797	  0.000000	  0.142397	 -0.332418	  0.158465	  0.085023	  0.102968	  0.088685	  0.010132	  0.009827	 18.422980	 18.452735	 18.537423	 18.400092
14:49:08 10-4-2026	718.634738	  0.000000	  0.690797	  0.000000	  0.142214	 -0.332036	  0.157244	  0.091066	  0.102968	  0.088197	  0.011231	  0.009827	 18.434424	 18.452735	 18.530556	 18.404669
14:49:09 10-4-2026	717.918252	  0.000000	  0.690797	  0.000000	  0.140505	 -0.327459	  0.156977	  0.087892	  0.102968	  0.092348	  0.008545	  0.009827	 18.429847	 18.448157	 18.537423	 18.404669
14:49:10 10-4-2026	717.918252	  0.000000	  0.690797	  0.000000	  0.141421	 -0.330739	  0.156977	  0.087404	  0.103151	  0.091981	  0.008545	  0.010010	 18.429847	 18.452735	 18.530556	 18.411536
14:49:11 10-4-2026	718.634738	  0.000000	  0.690797	  0.000000	  0.141421	 -0.329328	  0.158160	  0.088014	  0.103151	  0.092164	  0.009033	  0.010620	 18.429847	 18.452735	 18.525978	 18.404669
14:49:12 10-4-2026	717.918252	  0.000000	  0.690797	  0.000000	  0.141726	 -0.328832	  0.157549	  0.094728	  0.103151	  0.089601	  0.009644	  0.009827	 18.429847	 18.448157	 18.537423	 18.404669
14:49:13 10-4-2026	718.634738	  0.000000	  0.690797	  0.000000	  0.139345	 -0.324063	  0.157244	  0.093568	  0.102968	  0.087526	  0.008850	  0.010132	 18.422980	 18.452735	 18.530556	 18.404669
14:49:14 10-4-2026	717.918252	  0.000000	  0.690797	  0.000000	  0.140627	 -0.336194	  0.156863	  0.092775	  0.103151	  0.092775	  0.007263	  0.009339	 18.422980	 18.452735	 18.537423	 18.400092
14:49:15 10-4-2026	718.634738	  0.000000	  0.689973	  0.000000	  0.141299	 -0.334401	  0.156748	  0.086915	  0.102968	  0.092348	  0.010620	  0.010010	 18.422980	 18.448157	 18.530556	 18.400092
14:49:16 10-4-2026	717.918252	  0.000000	  0.689973	  0.000000	  0.141299	 -0.335012	  0.157969	  0.088808	  0.102968	  0.094240	  0.008057	  0.009827	 18.429847	 18.441291	 18.537423	 18.400092
14:49:17 10-4-2026	717.203194	  0.000000	  0.690797	  0.000000	  0.141115	 -0.333219	  0.157664	  0.088808	  0.102968	  0.091188	  0.009522	  0.009644	 18.422980	 18.452735	 18.530556	 18.404669
14:49:18 10-4-2026	718.634738	  0.000000	  0.690797	  0.000000	  0.142214	 -0.334516	  0.157740	  0.094728	  0.102968	  0.091981	  0.008057	  0.010437	 18.429847	 18.452735	 18.525978	 18.400092
14:49:19 10-4-2026	717.918252	  0.000000	  0.689973	  0.000000	  0.141421	 -0.327764	  0.157855	  0.090761	  0.103151	  0.090394	  0.009644	  0.009827	 18.422980	 18.448157	 18.530556	 18.411536
14:49:20 10-4-2026	719.352655	  0.000000	  0.690797	  0.000000	  0.140505	 -0.315328	  0.156558	  0.096315	  0.103273	  0.092775	  0.007446	  0.010132	 18.429847	 18.448157	 18.537423	 18.404669
14:49:21 10-4-2026	717.203194	  0.000000	  0.690797	  0.000000	  0.140810	 -0.324483	  0.156748	  0.092775	  0.102968	  0.092348	  0.008545	  0.009033	 18.422980	 18.452735	 18.537423	 18.404669
14:49:22 10-4-2026	718.634738	  0.000000	  0.690797	  0.000000	  0.142397	 -0.336576	  0.158160	  0.091554	  0.103151	  0.091981	  0.008423	  0.010010	 18.429847	 18.448157	 18.537423	 18.411536
14:49:23 10-4-2026	793.030845	  0.000000	  0.690797	  0.000000	  0.141604	 -0.330625	  0.157473	  0.088197	  0.102968	  0.092958	  0.007141	  0.010315	 18.429847	 18.471046	 18.542000	 18.422980
14:49:24 10-4-2026	767.667385	  0.000000	  0.690797	  0.000000	  0.141115	 -0.332036	  0.157664	  0.093141	  0.103151	  0.089479	  0.008545	  0.011231	 18.429847	 18.459602	 18.537423	 18.404669
14:49:25 10-4-2026	744.645302	  0.000000	  0.690797	  0.000000	  0.140932	 -0.330320	  0.156977	  0.096742	  0.102968	  0.088685	  0.008850	  0.009339	 18.418402	 18.448157	 18.525978	 18.411536
14:49:26 10-4-2026	722.963863	  0.000000	  0.689973	  0.000000	  0.141115	 -0.327153	  0.157473	  0.090883	  0.103151	  0.089784	  0.009339	  0.009033	 18.429847	 18.452735	 18.537423	 18.404669
14:49:27 10-4-2026	717.918252	  0.000000	  0.690797	  0.000000	  0.140322	 -0.330930	  0.156863	  0.087098	  0.103151	  0.093935	  0.010010	  0.009644	 18.422980	 18.464179	 18.525978	 18.411536
14:49:28 10-4-2026	717.203194	  0.000000	  0.690797	  0.000000	  0.140810	 -0.325246	  0.157168	  0.094545	  0.103151	  0.089601	  0.008423	  0.009827	 18.422980	 18.464179	 18.530556	 18.418402
14:49:29 10-4-2026	717.918252	  0.000000	  0.690797	  0.000000	  0.142397	 -0.325666	  0.158160	  0.092164	  0.103151	  0.092164	  0.008728	  0.009827	 18.429847	 18.459602	 18.537423	 18.411536
14:49:30 10-4-2026	718.634738	  0.000000	  0.689973	  0.000000	  0.141299	 -0.327764	  0.157855	  0.091859	  0.103273	  0.092348	  0.009339	  0.009827	 18.429847	 18.452735	 18.525978	 18.411536
14:49:31 10-4-2026	717.203194	  0.000000	  0.690797	  0.000000	  0.140932	 -0.327649	  0.156977	  0.087404	  0.103273	  0.088685	  0.008423	  0.010925	 18.429847	 18.452735	 18.530556	 18.411536
14:49:32 10-4-2026	717.918252	  0.000000	  0.690797	  0.000000	  0.142580	 -0.339780	  0.157168	  0.091188	  0.102968	  0.093446	  0.006653	  0.010315	 18.429847	 18.452735	 18.530556	 18.411536
14:49:33 10-4-2026	717.918252	  0.000000	  0.690797	  0.000000	  0.141604	 -0.332227	  0.156863	  0.095155	  0.103151	  0.093446	  0.007752	  0.009827	 18.429847	 18.452735	 18.537423	 18.404669
14:49:34 10-4-2026	718.634738	  0.000000	  0.689973	  0.000000	  0.142580	 -0.325971	  0.158236	  0.092348	  0.103273	  0.089479	  0.009827	  0.009644	 18.422980	 18.452735	 18.530556	 18.411536
14:49:35 10-4-2026	718.634738	  0.000000	  0.690797	  0.000000	  0.142702	 -0.339857	  0.156863	  0.088502	  0.103151	  0.089784	  0.009339	  0.010132	 18.448157	 18.452735	 18.530556	 18.411536
14:49:36 10-4-2026	718.634738	  0.000000	  0.689973	  0.000000	  0.140932	 -0.328756	  0.157969	  0.094240	  0.103151	  0.091066	  0.006165	  0.010315	 18.429847	 18.459602	 18.537423	 18.411536
14:49:37 10-4-2026	719.352655	  0.000000	  0.690797	  0.000000	  0.141604	 -0.333791	  0.157053	  0.095155	  0.103151	  0.089967	  0.010132	  0.009522	 18.448157	 18.452735	 18.542000	 18.418402
14:49:38 10-4-2026	717.918252	  0.000000	  0.690797	  0.000000	  0.141115	 -0.332036	  0.156863	  0.091066	  0.102968	  0.089113	  0.009339	  0.009522	 18.434424	 18.459602	 18.530556	 18.418402
14:49:39 10-4-2026	719.352655	  0.000000	  0.689973	  0.000000	  0.141604	 -0.338369	  0.157664	  0.086732	  0.103273	  0.088808	  0.010132	  0.009522	 18.422980	 18.452735	 18.537423	 18.418402
14:49:40 10-4-2026	719.352655	  0.000000	  0.690797	  0.000000	  0.141299	 -0.327764	  0.157740	  0.091859	  0.102968	  0.092775	  0.009216	  0.010010	 18.422980	 18.459602	 18.530556	 18.404669
14:49:41 10-4-2026	718.634738	  0.000000	  0.691347	  0.000000	  0.140627	 -0.325742	  0.158236	  0.091859	  0.103151	  0.093935	  0.009339	  0.010010	 18.434424	 18.448157	 18.530556	 18.411536
14:49:42 10-4-2026	719.352655	  0.000000	  0.689973	  0.000000	  0.140932	 -0.328641	  0.156672	  0.094728	  0.103273	  0.090578	  0.007752	  0.010010	 18.434424	 18.459602	 18.537423	 18.418402
14:49:43 10-4-2026	717.918252	  0.000000	  0.690797	  0.000000	  0.140627	 -0.328450	  0.156672	  0.086915	  0.103151	  0.096132	  0.008057	  0.010315	 18.434424	 18.448157	 18.537423	 18.411536
14:49:44 10-4-2026	717.918252	  0.000000	  0.690797	  0.000000	  0.141909	 -0.331922	  0.157664	  0.092775	  0.103151	  0.091981	  0.007446	  0.009827	 18.429847	 18.448157	 18.530556	 18.404669
14:49:45 10-4-2026	717.918252	  0.000000	  0.690797	  0.000000	  0.142092	 -0.328832	  0.158045	  0.088502	  0.103151	  0.093568	  0.009339	  0.010010	 18.418402	 18.448157	 18.530556	 18.411536
14:49:46 10-4-2026	718.634738	  0.000000	  0.690797	  0.000000	  0.140139	 -0.333906	  0.157473	  0.089479	  0.103273	  0.089784	  0.007935	  0.010315	 18.429847	 18.459602	 18.530556	 18.404669
14:49:47 10-4-2026	717.203194	  0.000000	  0.690797	  0.000000	  0.140139	 -0.334516	  0.156748	  0.091981	  0.103273	  0.088685	  0.006775	  0.010315	 18.422980	 18.452735	 18.537423	 18.404669
14:49:48 10-4-2026	719.352655	  0.000000	  0.690797	  0.000000	  0.140932	 -0.324674	  0.157969	  0.091066	  0.103273	  0.092775	  0.007935	  0.010132	 18.422980	 18.459602	 18.542000	 18.411536
14:49:49 10-4-2026	717.918252	  0.000000	  0.690797	  0.000000	  0.140810	 -0.334897	  0.157664	  0.094545	  0.103273	  0.088991	  0.007630	  0.010010	 18.441291	 18.459602	 18.537423	 18.411536
14:49:50 10-4-2026	717.203194	  0.000000	  0.690797	  0.000000	  0.141726	 -0.346036	  0.157244	  0.088197	  0.103578	  0.089784	  0.006775	  0.009827	 18.434424	 18.452735	 18.537423	 18.418402
14:49:51 10-4-2026	717.918252	  0.000000	  0.689973	  0.000000	  0.141421	 -0.322385	  0.157855	  0.089113	  0.103273	  0.093141	  0.008240	  0.010010	 18.422980	 18.464179	 18.537423	 18.411536
14:49:52 10-4-2026	717.203194	  0.000000	  0.689973	  0.000000	  0.140627	 -0.327153	  0.158541	  0.088197	  0.103273	  0.088991	  0.009216	  0.010010	 18.429847	 18.459602	 18.530556	 18.418402
14:49:53 10-4-2026	717.918252	  0.000000	  0.690797	  0.000000	  0.141421	 -0.330243	  0.157473	  0.088014	  0.103456	  0.087709	  0.010437	  0.009827	 18.441291	 18.459602	 18.537423	 18.411536
14:49:54 10-4-2026	717.203194	  0.000000	  0.690797	  0.000000	  0.140139	 -0.320706	  0.156558	  0.091066	  0.103578	  0.092164	  0.007263	  0.010132	 18.441291	 18.459602	 18.530556	 18.411536
14:49:55 10-4-2026	718.634738	  0.000000	  0.690797	  0.000000	  0.141604	 -0.328527	  0.157244	  0.091188	  0.103273	  0.091371	  0.009339	  0.010803	 18.434424	 18.482490	 18.537423	 18.418402
14:49:56 10-4-2026	718.634738	  0.000000	  0.690797	  0.000000	  0.141115	 -0.324178	  0.158541	  0.091981	  0.103456	  0.090883	  0.009644	  0.010315	 18.441291	 18.459602	 18.537423	 18.411536
14:49:57 10-4-2026	797.421935	  0.000000	  0.689973	  0.000000	  0.141115	 -0.325856	  0.156748	  0.090272	  0.103273	  0.091066	  0.009216	  0.010315	 18.429847	 18.452735	 18.530556	 18.422980
14:49:58 10-4-2026	774.270975	  0.000000	  0.690797	  0.000000	  0.140932	 -0.326848	  0.156863	  0.093263	  0.103151	  0.092348	  0.008728	  0.009827	 18.422980	 18.459602	 18.537423	 18.422980
14:49:59 10-4-2026	750.075008	  0.000000	  0.689973	  0.000000	  0.140932	 -0.335508	  0.157168	  0.092958	  0.103456	  0.092348	  0.007935	  0.010010	 18.429847	 18.459602	 18.530556	 18.411536
14:50:00 10-4-2026	726.611511	  0.000000	  0.689973	  0.000000	  0.141115	 -0.327840	  0.157473	  0.083131	  0.103456	  0.090578	  0.008057	  0.009522	 18.429847	 18.452735	 18.530556	 18.411536
14:50:01 10-4-2026	718.634738	  0.000000	  0.690797	  0.000000	  0.141115	 -0.336004	  0.157168	  0.087892	  0.103456	  0.088808	  0.008057	  0.008850	 18.422980	 18.452735	 18.530556	 18.418402
14:50:02 10-4-2026	718.634738	  0.000000	  0.690797	  0.000000	  0.142092	 -0.333906	  0.157969	  0.087404	  0.103456	  0.089784	  0.008545	  0.010437	 18.429847	 18.452735	 18.537423	 18.411536
14:50:03 10-4-2026	718.634738	  0.000000	  0.689973	  0.000000	  0.142214	 -0.325742	  0.157473	  0.095521	  0.103273	  0.093568	  0.009033	  0.009827	 18.429847	 18.459602	 18.537423	 18.404669
14:50:04 10-4-2026	717.203194	  0.000000	  0.690797	  0.000000	  0.141115	 -0.332303	  0.158236	  0.090089	  0.103273	  0.089479	  0.007263	  0.009827	 18.429847	 18.452735	 18.530556	 18.418402
14:50:05 10-4-2026	718.634738	  0.000000	  0.689973	  0.000000	  0.141299	 -0.332303	  0.156748	  0.093263	  0.103578	  0.091676	  0.008240	  0.009522	 18.434424	 18.459602	 18.542000	 18.404669
14:50:06 10-4-2026	717.918252	  0.000000	  0.689973	  0.000000	  0.141115	 -0.328946	  0.158045	  0.092348	  0.103456	  0.093568	  0.006653	  0.010132	 18.434424	 18.452735	 18.537423	 18.418402
14:50:07 10-4-2026	716.489559	  0.000000	  0.689973	  0.000000	  0.141909	 -0.330739	  0.158045	  0.090089	  0.103456	  0.093141	  0.010010	  0.009827	 18.429847	 18.459602	 18.537423	 18.429847
14:50:08 10-4-2026	716.489559	  0.000000	  0.689973	  0.000000	  0.140932	 -0.337568	  0.157969	  0.088319	  0.103456	  0.092470	  0.008850	  0.010620	 18.429847	 18.459602	 18.542000	 18.418402
14:50:09 10-4-2026	717.918252	  0.000000	  0.690797	  0.000000	  0.140627	 -0.326047	  0.156863	  0.086122	  0.103578	  0.089296	  0.009522	  0.010132	 18.434424	 18.464179	 18.530556	 18.429847
14:50:10 10-4-2026	718.634738	  0.000000	  0.690797	  0.000000	  0.141726	 -0.331235	  0.157855	  0.094545	  0.103456	  0.092653	  0.008423	  0.009827	 18.434424	 18.459602	 18.530556	 18.418402
14:50:11 10-4-2026	717.918252	  0.000000	  0.689973	  0.000000	  0.140322	 -0.324750	  0.157740	  0.087404	  0.103456	  0.090883	  0.007263	  0.010437	 18.434424	 18.452735	 18.537423	 18.411536
14:50:12 10-4-2026	717.918252	  0.000000	  0.690797	  0.000000	  0.141726	 -0.334020	  0.157664	  0.091859	  0.103456	  0.091188	  0.008850	  0.009522	 18.422980	 18.459602	 18.537423	 18.411536
14:50:13 10-4-2026	717.203194	  0.000000	  0.690797	  0.000000	  0.142397	 -0.333906	  0.157855	  0.087892	  0.103456	  0.092164	  0.009522	  0.010315	 18.429847	 18.464179	 18.542000	 18.418402
14:50:14 10-4-2026	718.634738	  0.000000	  0.690797	  0.000000	  0.141726	 -0.330816	  0.158732	  0.089479	  0.103273	  0.090394	  0.009644	  0.010132	 18.434424	 18.459602	 18.530556	 18.429847
14:50:15 10-4-2026	717.918252	  0.000000	  0.690797	  0.000000	  0.140810	 -0.332303	  0.157244	  0.091981	  0.103456	  0.088991	  0.009033	  0.009522	 18.434424	 18.452735	 18.537423	 18.422980
14:50:16 10-4-2026	717.918252	  0.000000	  0.690797	  0.000000	  0.140810	 -0.318418	  0.157664	  0.086732	  0.103578	  0.093446	  0.007752	  0.010925	 18.429847	 18.464179	 18.537423	 18.418402
14:50:17 10-4-2026	717.918252	  0.000000	  0.690797	  0.000000	  0.141726	 -0.328527	  0.158045	  0.085817	  0.103578	  0.091066	  0.009827	  0.009827	 18.441291	 18.459602	 18.537423	 18.429847
14:50:18 10-4-2026	718.634738	  0.000000	  0.689973	  0.000000	  0.141909	 -0.331121	  0.158350	  0.090578	  0.103578	  0.093935	  0.007752	  0.010803	 18.422980	 18.464179	 18.530556	 18.418402
14:50:19 10-4-2026	717.918252	  0.000000	  0.689973	  0.000000	  0.141299	 -0.327840	  0.157740	  0.093446	  0.103578	  0.095827	  0.006775	  0.010437	 18.434424	 18.464179	 18.537423	 18.418402
14:50:20 10-4-2026	717.918252	  0.000000	  0.690797	  0.000000	  0.140627	 -0.326543	  0.157168	  0.089113	  0.103578	  0.093446	  0.007446	  0.010132	 18.434424	 18.452735	 18.537423	 18.422980
14:50:21 10-4-2026	718.634738	  0.000000	  0.690797	  0.000000	  0.140810	 -0.321279	  0.157664	  0.093935	  0.103456	  0.092470	  0.008545	  0.009644	 18.434424	 18.459602	 18.537423	 18.422980
14:50:22 10-4-2026	717.918252	  0.000000	  0.690797	  0.000000	  0.140932	 -0.330816	  0.156977	  0.091554	  0.103456	  0.092348	  0.007935	  0.010010	 18.441291	 18.452735	 18.542000	 18.422980
14:50:23 10-4-2026	719.352655	  0.000000	  0.690797	  0.000000	  0.142214	 -0.333715	  0.157549	  0.088014	  0.103456	  0.094362	  0.008545	  0.009522	 18.441291	 18.459602	 18.537423	 18.422980
14:50:24 10-4-2026	717.203194	  0.000000	  0.690797	  0.000000	  0.141909	 -0.330129	  0.157740	  0.089479	  0.103578	  0.095827	  0.010010	  0.009827	 18.434424	 18.452735	 18.530556	 18.422980
14:50:25 10-4-2026	718.634738	  0.000000	  0.690797	  0.000000	  0.141909	 -0.324865	  0.157664	  0.089784	  0.103456	  0.090578	  0.009644	  0.010315	 18.429847	 18.459602	 18.537423	 18.418402
14:50:26 10-4-2026	718.634738	  0.000000	  0.690797	  0.000000	  0.141604	 -0.320096	  0.158350	  0.094728	  0.103456	  0.092348	  0.007752	  0.009827	 18.434424	 18.459602	 18.542000	 18.411536
14:50:27 10-4-2026	717.918252	  0.000000	  0.690797	  0.000000	  0.141604	 -0.329747	  0.156863	  0.087098	  0.103578	  0.087892	  0.009033	  0.009827	 18.441291	 18.464179	 18.537423	 18.411536
14:50:28 10-4-2026	717.918252	  0.000000	  0.690797	  0.000000	  0.140810	 -0.329328	  0.157855	  0.087892	  0.103578	  0.094728	  0.008850	  0.010315	 18.429847	 18.459602	 18.548867	 18.422980
14:50:29 10-4-2026	717.918252	  0.000000	  0.689973	  0.000000	  0.141421	 -0.325475	  0.158236	  0.089967	  0.103456	  0.093263	  0.009216	  0.010925	 18.434424	 18.459602	 18.537423	 18.418402
14:50:30 10-4-2026	718.634738	  0.000000	  0.690797	  0.000000	  0.140810	 -0.334707	  0.158236	  0.088808	  0.103456	  0.091676	  0.008850	  0.009827	 18.434424	 18.459602	 18.548867	 18.422980
14:50:31 10-4-2026	800.969975	  0.000000	  0.690797	  0.000000	  0.140810	 -0.324865	  0.157244	  0.088808	  0.103456	  0.087709	  0.009644	  0.009827	 18.441291	 18.464179	 18.537423	 18.418402
14:50:32 10-4-2026	775.104421	  0.000000	  0.689973	  0.000000	  0.141115	 -0.323987	  0.158236	  0.087526	  0.103761	  0.087404	  0.009522	  0.010132	 18.434424	 18.464179	 18.537423	 18.422980
14:50:33 10-4-2026	752.426340	  0.000000	  0.690797	  0.000000	  0.140627	 -0.321393	  0.157359	  0.093263	  0.103578	  0.090394	  0.006958	  0.010437	 18.429847	 18.464179	 18.542000	 18.422980
14:50:34 10-4-2026	728.817821	  0.000000	  0.689973	  0.000000	  0.140932	 -0.331426	  0.157244	  0.090578	  0.103578	  0.090761	  0.007263	  0.010315	 18.441291	 18.464179	 18.530556	 18.422980
14:50:35 10-4-2026	718.634738	  0.000000	  0.690797	  0.000000	  0.140932	 -0.333791	  0.157473	  0.087526	  0.103578	  0.091188	  0.008057	  0.010010	 18.429847	 18.459602	 18.548867	 18.418402
14:50:36 10-4-2026	718.634738	  0.000000	  0.689973	  0.000000	  0.140505	 -0.332418	  0.157969	  0.083742	  0.103761	  0.096620	  0.007630	  0.009339	 18.434424	 18.459602	 18.530556	 18.418402
14:50:37 10-4-2026	718.634738	  0.000000	  0.689973	  0.000000	  0.140017	 -0.331502	  0.157664	  0.095644	  0.103578	  0.090578	  0.008728	  0.010315	 18.441291	 18.464179	 18.530556	 18.418402
14:50:38 10-4-2026	718.634738	  0.000000	  0.690797	  0.000000	  0.140810	 -0.333295	  0.157969	  0.091066	  0.103761	  0.089296	  0.009522	  0.009522	 18.434424	 18.464179	 18.537423	 18.418402
14:50:39 10-4-2026	718.634738	  0.000000	  0.690797	  0.000000	  0.141299	 -0.335393	  0.156672	  0.090394	  0.103456	  0.088502	  0.010010	  0.009644	 18.434424	 18.459602	 18.537423	 18.422980
14:50:40 10-4-2026	718.634738	  0.000000	  0.690797	  0.000000	  0.141421	 -0.324559	  0.158656	  0.087709	  0.103578	  0.091554	  0.006775	  0.010315	 18.434424	 18.459602	 18.530556	 18.411536
14:50:41 10-4-2026	717.918252	  0.000000	  0.690797	  0.000000	  0.142397	 -0.329328	  0.158961	  0.091676	  0.103456	  0.087526	  0.009644	  0.009827	 18.429847	 18.459602	 18.537423	 18.429847
14:50:42 10-4-2026	718.634738	  0.000000	  0.690797	  0.000000	  0.140139	 -0.330739	  0.157244	  0.090761	  0.103761	  0.088197	  0.007446	  0.010010	 18.441291	 18.464179	 18.537423	 18.422980
14:50:43 10-4-2026	718.634738	  0.000000	  0.690797	  0.000000	  0.140322	 -0.326848	  0.158160	  0.090089	  0.103578	  0.090089	  0.008728	  0.010010	 18.434424	 18.464179	 18.542000	 18.418402
14:50:44 10-4-2026	718.634738	  0.000000	  0.690797	  0.000000	  0.140322	 -0.320096	  0.156558	  0.090089	  0.103761	  0.088502	  0.007630	  0.011109	 18.434424	 18.459602	 18.537423	 18.422980
14:50:45 10-4-2026	719.352655	  0.000000	  0.689973	  0.000000	  0.140505	 -0.320974	  0.157664	  0.087526	  0.103578	  0.092958	  0.008545	  0.009522	 18.441291	 18.459602	 18.537423	 18.411536
14:50:46 10-4-2026	718.634738	  0.000000	  0.689973	  0.000000	  0.142214	 -0.333524	  0.158236	  0.090883	  0.103761	  0.091981	  0.008545	  0.009644	 18.441291	 18.471046	 18.542000	 18.418402
14:50:47 10-4-2026	718.634738	  0.000000	  0.689973	  0.000000	  0.142397	 -0.325856	  0.157740	  0.092470	  0.103761	  0.095033	  0.007752	  0.010803	 18.441291	 18.471046	 18.542000	 18.422980
14:50:48 10-4-2026	718.634738	  0.000000	  0.690797	  0.000000	  0.140932	 -0.334707	  0.158236	  0.090089	  0.103578	  0.093568	  0.007263	  0.009644	 18.429847	 18.471046	 18.537423	 18.441291
14:50:49 10-4-2026	717.918252	  0.000000	  0.690797	  0.000000	  0.141421	 -0.332227	  0.157053	  0.090883	  0.103578	  0.089479	  0.008545	  0.010315	 18.429847	 18.452735	 18.542000	 18.418402
14:50:50 10-4-2026	717.918252	  0.000000	  0.689973	  0.000000	  0.141299	 -0.325170	  0.158160	  0.087098	  0.103944	  0.090089	  0.010010	  0.009522	 18.429847	 18.464179	 18.542000	 18.422980
14:50:51 10-4-2026	717.918252	  0.000000	  0.690797	  0.000000	  0.141726	 -0.319409	  0.158236	  0.094240	  0.103578	  0.093263	  0.009216	  0.009644	 18.434424	 18.471046	 18.542000	 18.429847
14:50:52 10-4-2026	718.634738	  0.000000	  0.690797	  0.000000	  0.140627	 -0.329633	  0.158350	  0.095827	  0.103578	  0.087892	  0.010010	  0.009827	 18.441291	 18.464179	 18.548867	 18.422980
14:50:53 10-4-2026	717.918252	  0.000000	  0.690797	  0.000000	  0.141115	 -0.322766	  0.157664	  0.093568	  0.103761	  0.088685	  0.008728	  0.010620	 18.434424	 18.471046	 18.537423	 18.429847
14:50:54 10-4-2026	718.634738	  0.000000	  0.690797	  0.000000	  0.142580	 -0.339284	  0.158961	  0.090272	  0.103944	  0.091554	  0.009033	  0.010315	 18.441291	 18.459602	 18.537423	 18.429847
14:50:55 10-4-2026	718.634738	  0.000000	  0.690797	  0.000000	  0.140627	 -0.331235	  0.157168	  0.091188	  0.104250	  0.088685	  0.010132	  0.010925	 18.434424	 18.471046	 18.537423	 18.422980
14:50:56 10-4-2026	717.918252	  0.000000	  0.690797	  0.000000	  0.141115	 -0.327039	  0.157855	  0.096315	  0.104067	  0.093141	  0.006348	  0.010315	 18.434424	 18.459602	 18.537423	 18.429847
14:50:57 10-4-2026	717.918252	  0.000000	  0.690797	  0.000000	  0.141604	 -0.329747	  0.157664	  0.091371	  0.103944	  0.093141	  0.008850	  0.010437	 18.441291	 18.464179	 18.548867	 18.422980
14:50:58 10-4-2026	718.634738	  0.000000	  0.690797	  0.000000	  0.141726	 -0.323568	  0.158541	  0.092348	  0.104067	  0.086610	  0.010010	  0.009522	 18.434424	 18.464179	 18.530556	 18.429847
14:50:59 10-4-2026	717.918252	  0.000000	  0.689973	  0.000000	  0.142580	 -0.330014	  0.158045	  0.087404	  0.104067	  0.093263	  0.008423	  0.010620	 18.429847	 18.464179	 18.542000	 18.422980
14:51:00 10-4-2026	717.203194	  0.000000	  0.690797	  0.000000	  0.140932	 -0.333028	  0.157855	  0.091188	  0.104067	  0.092470	  0.007263	  0.010132	 18.441291	 18.464179	 18.542000	 18.418402
14:51:01 10-4-2026	717.918252	  0.000000	  0.690797	  0.000000	  0.142092	 -0.333524	  0.157549	  0.088808	  0.104067	  0.090761	  0.007630	  0.010437	 18.434424	 18.464179	 18.537423	 18.429847
14:51:02 10-4-2026	718.634738	  0.000000	  0.690797	  0.000000	  0.142092	 -0.329824	  0.158846	  0.095644	  0.103944	  0.091981	  0.008545	  0.009827	 18.434424	 18.459602	 18.537423	 18.422980
14:51:03 10-4-2026	718.634738	  0.000000	  0.690797	  0.000000	  0.141909	 -0.335012	  0.158846	  0.091371	  0.104067	  0.094850	  0.006653	  0.010925	 18.441291	 18.464179	 18.542000	 18.418402
14:51:04 10-4-2026	717.918252	  0.000000	  0.689973	  0.000000	  0.142092	 -0.327649	  0.158656	  0.094728	  0.103944	  0.093263	  0.007446	  0.010437	 18.441291	 18.464179	 18.537423	 18.418402
14:51:05 10-4-2026	801.861923	  0.000000	  0.689973	  0.000000	  0.140932	 -0.333028	  0.158160	  0.094545	  0.103944	  0.092653	  0.009522	  0.010132	 18.441291	 18.482490	 18.537423	 18.418402
14:51:06 10-4-2026	776.776707	  0.000000	  0.689973	  0.000000	  0.141115	 -0.319219	  0.158350	  0.088319	  0.103944	  0.091981	  0.007141	  0.011414	 18.448157	 18.464179	 18.537423	 18.418402
14:51:07 10-4-2026	752.426340	  0.000000	  0.690797	  0.000000	  0.141115	 -0.323377	  0.157740	  0.091859	  0.104067	  0.092775	  0.007263	  0.010620	 18.441291	 18.464179	 18.530556	 18.429847
