Time            	RT01 (RPM)     	RT02 (RPM)    	FT01 (m3/h)   	FT02 (m3/h)   	PT01 (bar)    	PT02 (bar)    	PT03 (bar)    	PT04 (bar)    	PT05 (bar)    	PT06 (bar)    	PT07 (bar)    	PT08 (bar)    	TT01 (C)      	TT02 (C)      	TT03 (C)      	TT04 (C)      
15:14:52 10-4-2026	1014.185926	  0.000000	  2.963079	  0.000000	  0.132876	 -0.458572	  0.166018	  0.119509	  0.112490	  0.116640	  0.010010	  0.011902	 18.601511	 18.644999	 18.619821	 18.590066
15:14:53 10-4-2026	1015.616371	  0.000000	  2.960333	  0.000000	  0.133486	 -0.454604	  0.166514	  0.108034	  0.112184	  0.115846	  0.008728	  0.012696	 18.619821	 18.644999	 18.626688	 18.596933
15:14:54 10-4-2026	1014.185926	  0.000000	  2.958135	  0.000000	  0.132204	 -0.457580	  0.165904	  0.121096	  0.112184	  0.128115	  0.011414	  0.009522	 18.615244	 18.644999	 18.631266	 18.590066
15:14:55 10-4-2026	1014.185926	  0.000000	  2.958959	  0.000000	  0.133303	 -0.458305	  0.165599	  0.128237	  0.112184	  0.123659	  0.008850	  0.011597	 18.615244	 18.644999	 18.626688	 18.590066
15:14:56 10-4-2026	1014.185926	  0.000000	  2.958959	  0.000000	  0.131716	 -0.487411	  0.166705	  0.108217	  0.112184	  0.113466	  0.011414	  0.012207	 18.615244	 18.661021	 18.619821	 18.596933
15:14:57 10-4-2026	1015.616371	  0.000000	  2.962530	  0.000000	  0.133303	 -0.463149	  0.166018	  0.124269	  0.112184	  0.115053	  0.009216	  0.011109	 18.615244	 18.644999	 18.631266	 18.590066
15:14:58 10-4-2026	1014.185926	  0.000000	  2.962530	  0.000000	  0.133486	 -0.458991	  0.166781	  0.117922	  0.112367	  0.112978	  0.011109	  0.010803	 18.615244	 18.649577	 18.626688	 18.601511
15:14:59 10-4-2026	1017.050858	  0.000000	  2.963079	  0.000000	  0.132082	 -0.460479	  0.166285	  0.127749	  0.112184	  0.116457	  0.011597	  0.011109	 18.608377	 18.644999	 18.619821	 18.596933
15:15:00 10-4-2026	1042.072369	  0.000000	  2.966650	  0.000000	  0.133303	 -0.476081	  0.166705	  0.106935	  0.112184	  0.112673	  0.012024	  0.011231	 18.626688	 18.644999	 18.631266	 18.596933
15:15:01 10-4-2026	1015.616371	  0.000000	  2.968298	  0.000000	  0.134096	 -0.442283	  0.166285	  0.114260	  0.112184	  0.120607	  0.014405	  0.011902	 18.601511	 18.649577	 18.626688	 18.596933
15:15:02 10-4-2026	1015.616371	  0.000000	  2.967474	  0.000000	  0.132876	 -0.465743	  0.166514	  0.108034	  0.112184	  0.096742	  0.015259	  0.010437	 18.608377	 18.644999	 18.626688	 18.596933
15:15:03 10-4-2026	1014.185926	  0.000000	  2.967474	  0.000000	  0.132387	 -0.472305	  0.166781	  0.109804	  0.112184	  0.113954	  0.012512	  0.011231	 18.619821	 18.649577	 18.615244	 18.596933
15:15:04 10-4-2026	1017.050858	  0.000000	  2.967474	  0.000000	  0.132998	 -0.467842	  0.166514	  0.124086	  0.112184	  0.115846	  0.010437	  0.010803	 18.608377	 18.649577	 18.626688	 18.590066
15:15:05 10-4-2026	1015.616371	  0.000000	  2.968298	  0.000000	  0.132387	 -0.448463	  0.166285	  0.109621	  0.112184	  0.117739	  0.007446	  0.011109	 18.619821	 18.638132	 18.626688	 18.601511
15:15:06 10-4-2026	1015.616371	  0.000000	  2.963903	  0.000000	  0.132204	 -0.468528	  0.166018	  0.120485	  0.112184	  0.105226	  0.012024	  0.011414	 18.615244	 18.656443	 18.626688	 18.596933
15:15:07 10-4-2026	1014.185926	  0.000000	  2.963079	  0.000000	  0.132204	 -0.470512	  0.166590	  0.137636	  0.112367	  0.105837	  0.012207	  0.010803	 18.601511	 18.644999	 18.626688	 18.596933
15:15:08 10-4-2026	1015.616371	  0.000000	  2.963079	  0.000000	  0.132082	 -0.488670	  0.166285	  0.115846	  0.112184	  0.122499	  0.011414	  0.012207	 18.608377	 18.644999	 18.619821	 18.596933
15:15:09 10-4-2026	1015.616371	  0.000000	  2.958959	  0.000000	  0.133669	 -0.446860	  0.166781	  0.097597	  0.112367	  0.111086	  0.016663	  0.011109	 18.619821	 18.649577	 18.626688	 18.590066
15:15:10 10-4-2026	1014.185926	  0.000000	  2.958959	  0.000000	  0.132082	 -0.486610	  0.166590	  0.110414	  0.112490	  0.115358	  0.011109	  0.011902	 18.615244	 18.649577	 18.619821	 18.601511
15:15:11 10-4-2026	1087.722065	  0.000000	  2.958135	  0.000000	  0.132876	 -0.484512	  0.166209	  0.119509	  0.112367	  0.117617	  0.010132	  0.010132	 18.619821	 18.656443	 18.619821	 18.601511
15:15:12 10-4-2026	1015.616371	  0.000000	  2.958959	  0.000000	  0.131411	 -0.436942	  0.166209	  0.116640	  0.112490	  0.111208	  0.010925	  0.010925	 18.615244	 18.649577	 18.619821	 18.596933
15:15:13 10-4-2026	1014.185926	  0.000000	  2.958959	  0.000000	  0.134096	 -0.469520	  0.166400	  0.126467	  0.112184	  0.122194	  0.015381	  0.009827	 18.615244	 18.649577	 18.626688	 18.619821
15:15:14 10-4-2026	1014.185926	  0.000000	  2.958135	  0.000000	  0.134768	 -0.470703	  0.166400	  0.120485	  0.112184	  0.116152	  0.009216	  0.012024	 18.619821	 18.649577	 18.619821	 18.601511
15:15:15 10-4-2026	1014.185926	  0.000000	  2.958135	  0.000000	  0.132998	 -0.470703	  0.166018	  0.127932	  0.112184	  0.119326	  0.013489	  0.011109	 18.619821	 18.649577	 18.615244	 18.608377
15:15:16 10-4-2026	1014.185926	  0.000000	  2.958135	  0.000000	  0.134585	 -0.442397	  0.166590	  0.118044	  0.112367	  0.117739	  0.012390	  0.011231	 18.615244	 18.649577	 18.619821	 18.590066
15:15:17 10-4-2026	1015.616371	  0.000000	  2.961706	  0.000000	  0.133791	 -0.460670	  0.166209	  0.128420	  0.112184	  0.118044	  0.007141	  0.012390	 18.608377	 18.649577	 18.619821	 18.590066
15:15:18 10-4-2026	1012.759504	  0.000000	  2.963903	  0.000000	  0.132876	 -0.467613	  0.166705	  0.122072	  0.112367	  0.120302	  0.008057	  0.011902	 18.615244	 18.656443	 18.626688	 18.596933
15:15:19 10-4-2026	1012.759504	  0.000000	  2.967474	  0.000000	  0.133791	 -0.452506	  0.166781	  0.130617	  0.112490	  0.125551	  0.008057	  0.012207	 18.619821	 18.649577	 18.619821	 18.596933
15:15:20 10-4-2026	1014.185926	  0.000000	  2.967474	  0.000000	  0.134279	 -0.486610	  0.166094	  0.121889	  0.112184	  0.114870	  0.010620	  0.011719	 18.619821	 18.649577	 18.626688	 18.601511
15:15:21 10-4-2026	1017.050858	  0.000000	  2.967474	  0.000000	  0.133303	 -0.463760	  0.166590	  0.105348	  0.112367	  0.114748	  0.012512	  0.010315	 18.619821	 18.649577	 18.619821	 18.601511
15:15:22 10-4-2026	1014.185926	  0.000000	  2.968298	  0.000000	  0.132998	 -0.454108	  0.165904	  0.115358	  0.112367	  0.113283	  0.009522	  0.010620	 18.608377	 18.649577	 18.638132	 18.601511
15:15:23 10-4-2026	1036.074831	  0.000000	  2.967474	  0.000000	  0.132876	 -0.465057	  0.166400	  0.120912	  0.112367	  0.117739	  0.012696	  0.010803	 18.626688	 18.649577	 18.615244	 18.601511
15:15:24 10-4-2026	1015.616371	  0.000000	  2.968298	  0.000000	  0.132692	 -0.460975	  0.166590	  0.120119	  0.112367	  0.113649	  0.010437	  0.011414	 18.615244	 18.644999	 18.626688	 18.601511
15:15:25 10-4-2026	1017.050858	  0.000000	  2.967474	  0.000000	  0.132204	 -0.462768	  0.166514	  0.138918	  0.112490	  0.112673	  0.012512	  0.011109	 18.615244	 18.656443	 18.626688	 18.601511
15:15:26 10-4-2026	1014.185926	  0.000000	  2.968298	  0.000000	  0.133303	 -0.451247	  0.166285	  0.103761	  0.112184	  0.109194	  0.011719	  0.011902	 18.626688	 18.656443	 18.619821	 18.608377
15:15:27 10-4-2026	1014.185926	  0.000000	  2.963903	  0.000000	  0.132876	 -0.475967	  0.166018	  0.118715	  0.112367	  0.112673	  0.013001	  0.011597	 18.626688	 18.649577	 18.638132	 18.608377
15:15:28 10-4-2026	1015.616371	  0.000000	  2.963079	  0.000000	  0.133486	 -0.446975	  0.166781	  0.117739	  0.112184	  0.123659	  0.009033	  0.011414	 18.619821	 18.661021	 18.626688	 18.608377
15:15:29 10-4-2026	1014.185926	  0.000000	  2.958959	  0.000000	  0.133791	 -0.446059	  0.166018	  0.109987	  0.112184	  0.120607	  0.009644	  0.010437	 18.626688	 18.656443	 18.608377	 18.601511
15:15:30 10-4-2026	1014.185926	  0.000000	  2.958959	  0.000000	  0.133303	 -0.460060	  0.166285	  0.119692	  0.112367	  0.112367	  0.008423	  0.012512	 18.619821	 18.656443	 18.626688	 18.608377
15:15:31 10-4-2026	1015.616371	  0.000000	  2.958959	  0.000000	  0.132692	 -0.439727	  0.166018	  0.127626	  0.112367	  0.105653	  0.016358	  0.010437	 18.619821	 18.661021	 18.626688	 18.608377
15:15:32 10-4-2026	1014.185926	  0.000000	  2.959509	  0.000000	  0.133669	 -0.461852	  0.166514	  0.125368	  0.112367	  0.119814	  0.013001	  0.010925	 18.626688	 18.649577	 18.626688	 18.601511
15:15:33 10-4-2026	1014.185926	  0.000000	  2.958959	  0.000000	  0.133669	 -0.472190	  0.166094	  0.124880	  0.112184	  0.119326	  0.010925	  0.012024	 18.619821	 18.667887	 18.619821	 18.608377
15:15:34 10-4-2026	1081.189200	  0.000000	  2.958959	  0.000000	  0.132692	 -0.461967	  0.166209	  0.126345	  0.112490	  0.120485	  0.011231	  0.011231	 18.626688	 18.661021	 18.626688	 18.601511
15:15:35 10-4-2026	1017.050858	  0.000000	  2.962530	  0.000000	  0.132082	 -0.463073	  0.166285	  0.103151	  0.112490	  0.116823	  0.017762	  0.010010	 18.615244	 18.667887	 18.631266	 18.601511
15:15:36 10-4-2026	1015.616371	  0.000000	  2.963079	  0.000000	  0.132876	 -0.459068	  0.166514	  0.122377	  0.112184	  0.108827	  0.012390	  0.010803	 18.619821	 18.656443	 18.619821	 18.608377
15:15:37 10-4-2026	1015.616371	  0.000000	  2.963079	  0.000000	  0.132387	 -0.475280	  0.166705	  0.117128	  0.112490	  0.103456	  0.014771	  0.010437	 18.626688	 18.661021	 18.626688	 18.608377
15:15:38 10-4-2026	1014.185926	  0.000000	  2.963079	  0.000000	  0.132692	 -0.464256	  0.166514	  0.109010	  0.112490	  0.114260	  0.010132	  0.012818	 18.619821	 18.649577	 18.631266	 18.608377
15:15:39 10-4-2026	1014.185926	  0.000000	  2.963903	  0.000000	  0.134951	 -0.473182	  0.166781	  0.127749	  0.112367	  0.114260	  0.011109	  0.010437	 18.626688	 18.656443	 18.631266	 18.601511
15:15:40 10-4-2026	1014.185926	  0.000000	  2.963079	  0.000000	  0.132998	 -0.456893	  0.166094	  0.126467	  0.112367	  0.113771	  0.009522	  0.011597	 18.619821	 18.661021	 18.626688	 18.608377
15:15:41 10-4-2026	1015.616371	  0.000000	  2.963079	  0.000000	  0.132998	 -0.480850	  0.166514	  0.120119	  0.112490	  0.106020	  0.014282	  0.010132	 18.619821	 18.656443	 18.626688	 18.608377
15:15:42 10-4-2026	1014.185926	  0.000000	  2.963079	  0.000000	  0.132876	 -0.468414	  0.166285	  0.125856	  0.112490	  0.113771	  0.005554	  0.013794	 18.619821	 18.661021	 18.626688	 18.608377
15:15:43 10-4-2026	1017.050858	  0.000000	  2.963903	  0.000000	  0.133303	 -0.477874	  0.166514	  0.102358	  0.112367	  0.110414	  0.011902	  0.010437	 18.619821	 18.656443	 18.626688	 18.608377
15:15:44 10-4-2026	1014.185926	  0.000000	  2.959509	  0.000000	  0.133486	 -0.462158	  0.167010	  0.120790	  0.112673	  0.112856	  0.012024	  0.011597	 18.626688	 18.661021	 18.631266	 18.608377
15:15:45 10-4-2026	1130.411314	  0.000000	  2.963079	  0.000000	  0.134768	 -0.457008	  0.166209	  0.115541	  0.112367	  0.117128	  0.009827	  0.010437	 18.626688	 18.661021	 18.626688	 18.615244
15:15:46 10-4-2026	1030.145933	  0.000000	  2.963079	  0.000000	  0.134768	 -0.460288	  0.166705	  0.112490	  0.112490	  0.112001	  0.009827	  0.011597	 18.626688	 18.656443	 18.615244	 18.608377
15:15:47 10-4-2026	1014.185926	  0.000000	  2.963903	  0.000000	  0.132876	 -0.468910	  0.166209	  0.120302	  0.112367	  0.109010	  0.013794	  0.011109	 18.626688	 18.656443	 18.626688	 18.619821
15:15:48 10-4-2026	1014.185926	  0.000000	  2.963079	  0.000000	  0.133791	 -0.464065	  0.167201	  0.133791	  0.112673	  0.119020	  0.007141	  0.011231	 18.638132	 18.656443	 18.626688	 18.615244
15:15:49 10-4-2026	1014.185926	  0.000000	  2.963079	  0.000000	  0.133486	 -0.465438	  0.166400	  0.114443	  0.112490	  0.126040	  0.010437	  0.011109	 18.638132	 18.661021	 18.619821	 18.615244
15:15:50 10-4-2026	1014.185926	  0.000000	  2.962530	  0.000000	  0.134463	 -0.475280	  0.166285	  0.124269	  0.112490	  0.126345	  0.008728	  0.011597	 18.631266	 18.661021	 18.631266	 18.615244
15:15:51 10-4-2026	1014.185926	  0.000000	  2.963903	  0.000000	  0.132387	 -0.467918	  0.167010	  0.124086	  0.112856	  0.130129	  0.011231	  0.011231	 18.638132	 18.656443	 18.631266	 18.619821
15:15:52 10-4-2026	1015.616371	  0.000000	  2.963903	  0.000000	  0.132387	 -0.471885	  0.166590	  0.127932	  0.112490	  0.115236	  0.012512	  0.010315	 18.619821	 18.667887	 18.631266	 18.615244
15:15:53 10-4-2026	1012.759504	  0.000000	  2.963903	  0.000000	  0.133974	 -0.487984	  0.166590	  0.113649	  0.112673	  0.121401	  0.010803	  0.011109	 18.619821	 18.661021	 18.626688	 18.619821
15:15:54 10-4-2026	1015.616371	  0.000000	  2.963079	  0.000000	  0.133181	 -0.477379	  0.166705	  0.130800	  0.112367	  0.114260	  0.007752	  0.011597	 18.631266	 18.661021	 18.619821	 18.619821
15:15:55 10-4-2026	1017.050858	  0.000000	  2.963079	  0.000000	  0.132204	 -0.446670	  0.167086	  0.126833	  0.112673	  0.114870	  0.010437	  0.012696	 18.631266	 18.661021	 18.626688	 18.619821
15:15:56 10-4-2026	1015.616371	  0.000000	  2.963079	  0.000000	  0.133303	 -0.443771	  0.166209	  0.122194	  0.112673	  0.116640	  0.012818	  0.009339	 18.631266	 18.656443	 18.619821	 18.615244
15:15:57 10-4-2026	1069.943547	  0.000000	  2.963079	  0.000000	  0.132998	 -0.461357	  0.166781	  0.104738	  0.112490	  0.112367	  0.010803	  0.011719	 18.638132	 18.656443	 18.626688	 18.626688
15:15:58 10-4-2026	1014.185926	  0.000000	  2.963903	  0.000000	  0.133974	 -0.483711	  0.166590	  0.127749	  0.112490	  0.119692	  0.010437	  0.011109	 18.626688	 18.667887	 18.631266	 18.615244
15:15:59 10-4-2026	1017.050858	  0.000000	  2.967474	  0.000000	  0.133486	 -0.461852	  0.166705	  0.131106	  0.112490	  0.113161	  0.011414	  0.011902	 18.631266	 18.661021	 18.638132	 18.631266
15:16:00 10-4-2026	1015.616371	  0.000000	  2.964727	  0.000000	  0.133669	 -0.475471	  0.166590	  0.130129	  0.112673	  0.110414	  0.013489	  0.010803	 18.638132	 18.661021	 18.608377	 18.619821
15:16:01 10-4-2026	1015.616371	  0.000000	  2.963079	  0.000000	  0.134096	 -0.464752	  0.167086	  0.126345	  0.112856	  0.117922	  0.015686	  0.010620	 18.631266	 18.667887	 18.631266	 18.615244
15:16:02 10-4-2026	1015.616371	  0.000000	  2.963079	  0.000000	  0.132387	 -0.477951	  0.167086	  0.122988	  0.112856	  0.115846	  0.013977	  0.011902	 18.631266	 18.661021	 18.631266	 18.619821
15:16:03 10-4-2026	1017.050858	  0.000000	  2.963079	  0.000000	  0.134585	 -0.448653	  0.166781	  0.110414	  0.112673	  0.117617	  0.012207	  0.012024	 18.631266	 18.667887	 18.619821	 18.619821
15:16:04 10-4-2026	1014.185926	  0.000000	  2.963079	  0.000000	  0.131106	 -0.462654	  0.166590	  0.117433	  0.112978	  0.115541	  0.009827	  0.012390	 18.638132	 18.667887	 18.626688	 18.608377
15:16:05 10-4-2026	1011.337089	  0.000000	  2.963079	  0.000000	  0.133791	 -0.462539	  0.167086	  0.120607	  0.112856	  0.109987	  0.013306	  0.009522	 18.638132	 18.661021	 18.631266	 18.619821
15:16:06 10-4-2026	1015.616371	  0.000000	  2.963079	  0.000000	  0.132998	 -0.444762	  0.167010	  0.119509	  0.112673	  0.120912	  0.006958	  0.011414	 18.626688	 18.661021	 18.631266	 18.615244
15:16:07 10-4-2026	1014.185926	  0.000000	  2.963079	  0.000000	  0.134096	 -0.457008	  0.166514	  0.124269	  0.112856	  0.117433	  0.007263	  0.011231	 18.638132	 18.667887	 18.626688	 18.619821
15:16:08 10-4-2026	1107.803088	  0.000000	  2.963079	  0.000000	  0.132998	 -0.461280	  0.166781	  0.118410	  0.112856	  0.108034	  0.012696	  0.010620	 18.631266	 18.667887	 18.626688	 18.626688
15:16:09 10-4-2026	1015.616371	  0.000000	  2.964727	  0.000000	  0.134096	 -0.462844	  0.167086	  0.103944	  0.112490	  0.117739	  0.011597	  0.011231	 18.644999	 18.661021	 18.619821	 18.631266
15:16:10 10-4-2026	1015.616371	  0.000000	  2.967474	  0.000000	  0.134463	 -0.454719	  0.167010	  0.130800	  0.112673	  0.116152	  0.008423	  0.011231	 18.631266	 18.674754	 18.631266	 18.626688
15:16:11 10-4-2026	1014.185926	  0.000000	  2.968298	  0.000000	  0.133181	 -0.480850	  0.166705	  0.129335	  0.112490	  0.106142	  0.012024	  0.013001	 18.631266	 18.661021	 18.631266	 18.615244
15:16:12 10-4-2026	1014.185926	  0.000000	  2.968298	  0.000000	  0.132509	 -0.440414	  0.166400	  0.116152	  0.112673	  0.109987	  0.016480	  0.010437	 18.638132	 18.674754	 18.631266	 18.615244
15:16:13 10-4-2026	1014.185926	  0.000000	  2.967474	  0.000000	  0.133303	 -0.455406	  0.166781	  0.110597	  0.112673	  0.107607	  0.007630	  0.012390	 18.638132	 18.674754	 18.638132	 18.615244
15:16:14 10-4-2026	1014.185926	  0.000000	  2.967474	  0.000000	  0.133486	 -0.470092	  0.167010	  0.106447	  0.112490	  0.124758	  0.011231	  0.012024	 18.631266	 18.661021	 18.626688	 18.619821
15:16:15 10-4-2026	1015.616371	  0.000000	  2.968298	  0.000000	  0.133974	 -0.487182	  0.166705	  0.111574	  0.112856	  0.111391	  0.010803	  0.011109	 18.631266	 18.674754	 18.631266	 18.626688
15:16:16 10-4-2026	1014.185926	  0.000000	  2.963903	  0.000000	  0.133974	 -0.453613	  0.167277	  0.103578	  0.112673	  0.115358	  0.014282	  0.010925	 18.644999	 18.661021	 18.631266	 18.619821
15:16:17 10-4-2026	1012.759504	  0.000000	  2.963079	  0.000000	  0.132387	 -0.467613	  0.166285	  0.125856	  0.112490	  0.119509	  0.009644	  0.011719	 18.644999	 18.661021	 18.626688	 18.615244
15:16:18 10-4-2026	1012.759504	  0.000000	  2.959509	  0.000000	  0.132692	 -0.473182	  0.167010	  0.112490	  0.112490	  0.119020	  0.010132	  0.010925	 18.644999	 18.667887	 18.626688	 18.619821
15:16:19 10-4-2026	1015.616371	  0.000000	  2.958959	  0.000000	  0.133181	 -0.480850	  0.166705	  0.115663	  0.112490	  0.114748	  0.015259	  0.011597	 18.644999	 18.679332	 18.626688	 18.619821
15:16:20 10-4-2026	1048.139748	  0.000000	  2.958959	  0.000000	  0.135378	 -0.462043	  0.167010	  0.121401	  0.112490	  0.115358	  0.004578	  0.012024	 18.656443	 18.667887	 18.644999	 18.619821
15:16:21 10-4-2026	1015.616371	  0.000000	  2.958959	  0.000000	  0.131716	 -0.463264	  0.166285	  0.122072	  0.112673	  0.114870	  0.009216	  0.012024	 18.638132	 18.679332	 18.638132	 18.619821
15:16:22 10-4-2026	1015.616371	  0.000000	  2.958959	  0.000000	  0.133974	 -0.458076	  0.167086	  0.127749	  0.112673	  0.113283	  0.013611	  0.010437	 18.638132	 18.667887	 18.631266	 18.626688
15:16:23 10-4-2026	1014.185926	  0.000000	  2.958959	  0.000000	  0.133791	 -0.464637	  0.166514	  0.115236	  0.112673	  0.106142	  0.012818	  0.010925	 18.631266	 18.667887	 18.626688	 18.619821
