Time            	RT01 (RPM)     	RT02 (RPM)    	FT01 (m3/h)   	FT02 (m3/h)   	PT01 (bar)    	PT02 (bar)    	PT03 (bar)    	PT04 (bar)    	PT05 (bar)    	PT06 (bar)    	PT07 (bar)    	PT08 (bar)    	TT01 (C)      	TT02 (C)      	TT03 (C)      	TT04 (C)      
15:39:41 10-4-2026	1206.150766	  0.000000	  4.659943	  0.000000	  0.121584	 -0.109178	  0.174754	  0.158938	  0.120607	  0.151431	  0.016846	  0.011109	 18.990616	 19.031815	 18.720531	 18.983749
15:39:42 10-4-2026	1206.150766	  0.000000	  4.660493	  0.000000	  0.121889	 -0.105516	  0.174334	  0.179568	  0.120485	  0.146181	  0.014099	  0.011719	 19.002060	 19.031815	 18.720531	 18.990616
15:39:43 10-4-2026	1210.205054	  0.000000	  4.656373	  0.000000	  0.121889	 -0.131151	  0.174945	  0.157046	  0.120790	  0.154482	  0.017151	  0.015869	 19.006638	 19.036393	 18.709087	 18.990616
15:39:44 10-4-2026	1208.174509	  0.000000	  4.656373	  0.000000	  0.119692	 -0.120623	  0.174334	  0.160647	  0.120790	  0.155093	  0.015686	  0.011902	 18.983749	 19.031815	 18.720531	 18.995193
15:39:45 10-4-2026	1333.466680	  0.000000	  4.655549	  0.000000	  0.120912	 -0.112764	  0.174449	  0.188357	  0.120912	  0.158450	  0.016052	  0.010803	 18.995193	 19.031815	 18.715953	 18.983749
15:39:46 10-4-2026	1208.174509	  0.000000	  4.656373	  0.000000	  0.121889	 -0.126383	  0.175250	  0.179751	  0.120607	  0.154788	  0.020447	  0.012696	 18.995193	 19.036393	 18.720531	 18.995193
15:39:47 10-4-2026	1206.150766	  0.000000	  4.659943	  0.000000	  0.120790	 -0.124285	  0.174449	  0.165591	  0.120790	  0.151125	  0.010620	  0.012818	 18.983749	 19.036393	 18.709087	 18.990616
15:39:48 10-4-2026	1208.174509	  0.000000	  4.660493	  0.000000	  0.121401	 -0.119516	  0.174754	  0.156069	  0.120790	  0.141604	  0.016663	  0.014771	 18.990616	 19.043259	 18.715953	 18.990616
15:39:49 10-4-2026	1208.174509	  0.000000	  4.660493	  0.000000	  0.120119	 -0.116426	  0.174334	  0.182742	  0.120790	  0.162234	  0.011902	  0.012512	 18.995193	 19.043259	 18.715953	 18.983749
15:39:50 10-4-2026	1212.242436	  0.000000	  4.661317	  0.000000	  0.117617	 -0.109178	  0.174563	  0.187564	  0.121096	  0.156069	  0.010803	  0.015564	 18.995193	 19.050126	 18.720531	 18.990616
15:39:51 10-4-2026	1208.174509	  0.000000	  4.661317	  0.000000	  0.119692	 -0.113069	  0.174640	  0.171939	  0.121096	  0.156069	  0.010925	  0.014405	 18.990616	 19.036393	 18.715953	 18.983749
15:39:52 10-4-2026	1326.099461	  0.000000	  4.660493	  0.000000	  0.121889	 -0.127680	  0.174640	  0.169436	  0.120912	  0.161807	  0.015869	  0.014588	 18.995193	 19.050126	 18.720531	 18.983749
15:39:53 10-4-2026	1210.205054	  0.000000	  4.664063	  0.000000	  0.122194	 -0.110361	  0.177310	  0.178958	  0.120485	  0.149233	  0.013611	  0.012818	 19.002060	 19.036393	 18.709087	 19.002060
15:39:54 10-4-2026	1210.205054	  0.000000	  4.665437	  0.000000	  0.121279	 -0.133822	  0.174754	  0.168948	  0.120607	  0.155581	  0.011414	  0.013489	 19.002060	 19.043259	 18.715953	 18.995193
15:39:55 10-4-2026	1206.150766	  0.000000	  4.661317	  0.000000	  0.121889	 -0.107500	  0.175135	  0.185916	  0.120607	  0.147768	  0.017456	  0.014588	 18.995193	 19.043259	 18.715953	 19.006638
15:39:56 10-4-2026	1208.174509	  0.000000	  4.660493	  0.000000	  0.122988	 -0.127375	  0.172351	  0.153506	  0.120607	  0.144472	  0.019654	  0.013184	 19.002060	 19.043259	 18.704509	 18.990616
15:39:57 10-4-2026	1208.174509	  0.000000	  4.660493	  0.000000	  0.123171	 -0.116236	  0.174334	  0.165469	  0.120790	  0.158633	  0.013794	  0.014282	 19.006638	 19.050126	 18.715953	 18.995193
15:39:58 10-4-2026	1204.133791	  0.000000	  4.659943	  0.000000	  0.119997	 -0.121920	  0.174945	  0.174807	  0.120912	  0.148257	  0.022889	  0.014588	 19.002060	 19.043259	 18.734264	 18.983749
15:39:59 10-4-2026	1311.606570	  0.000000	  4.660493	  0.000000	  0.117739	 -0.124971	  0.174945	  0.168460	  0.120912	  0.157046	  0.011719	  0.011597	 18.995193	 19.050126	 18.709087	 18.995193
15:40:00 10-4-2026	1210.205054	  0.000000	  4.660493	  0.000000	  0.120119	 -0.127375	  0.174563	  0.160342	  0.120607	  0.144472	  0.011719	  0.012696	 19.002060	 19.050126	 18.709087	 18.995193
15:40:01 10-4-2026	1208.174509	  0.000000	  4.660493	  0.000000	  0.119814	 -0.118334	  0.175059	  0.158938	  0.120790	  0.151125	  0.014405	  0.014282	 19.002060	 19.043259	 18.720531	 18.995193
15:40:02 10-4-2026	1206.150766	  0.000000	  4.661317	  0.000000	  0.119814	 -0.113870	  0.175059	  0.158450	  0.120607	  0.157839	  0.018433	  0.013489	 19.006638	 19.054704	 18.715953	 19.002060
15:40:03 10-4-2026	1208.174509	  0.000000	  4.656922	  0.000000	  0.120119	 -0.129931	  0.174563	  0.147951	  0.120790	  0.143008	  0.017762	  0.013489	 19.013504	 19.043259	 18.715953	 19.002060
15:40:04 10-4-2026	1210.205054	  0.000000	  4.656373	  0.000000	  0.119692	 -0.134813	  0.175250	  0.175906	  0.120912	  0.153689	  0.008545	  0.013794	 19.006638	 19.050126	 18.720531	 18.995193
15:40:05 10-4-2026	1208.174509	  0.000000	  4.655549	  0.000000	  0.119509	 -0.131151	  0.176928	  0.167971	  0.120912	  0.146059	  0.021241	  0.014099	 19.006638	 19.043259	 18.720531	 18.995193
15:40:06 10-4-2026	1292.768415	  0.000000	  4.655549	  0.000000	  0.119509	 -0.114939	  0.174258	  0.145388	  0.120607	  0.155581	  0.014588	  0.012390	 19.006638	 19.050126	 18.715953	 18.995193
15:40:07 10-4-2026	1208.174509	  0.000000	  4.656373	  0.000000	  0.120912	 -0.115358	  0.175059	  0.150210	  0.121096	  0.167971	  0.011109	  0.012207	 19.002060	 19.050126	 18.715953	 19.002060
15:40:08 10-4-2026	1206.150766	  0.000000	  4.659943	  0.000000	  0.120119	 -0.139582	  0.174563	  0.165103	  0.120912	  0.152407	  0.007446	  0.013306	 19.002060	 19.050126	 18.715953	 18.995193
15:40:09 10-4-2026	1208.174509	  0.000000	  4.660493	  0.000000	  0.122988	 -0.102541	  0.175326	  0.166262	  0.120790	  0.149355	  0.012024	  0.014282	 19.006638	 19.050126	 18.727398	 18.995193
15:40:10 10-4-2026	1210.205054	  0.000000	  4.660493	  0.000000	  0.122866	 -0.121118	  0.176127	  0.143191	  0.120607	  0.149722	  0.013611	  0.014282	 19.013504	 19.054704	 18.709087	 19.002060
15:40:11 10-4-2026	1208.174509	  0.000000	  4.660493	  0.000000	  0.121279	 -0.128862	  0.175135	  0.166567	  0.120790	  0.151919	  0.011719	  0.013306	 19.002060	 19.054704	 18.720531	 19.002060
15:40:12 10-4-2026	1206.150766	  0.000000	  4.660493	  0.000000	  0.120119	 -0.121691	  0.174449	  0.176089	  0.121096	  0.153384	  0.017151	  0.013184	 19.006638	 19.050126	 18.720531	 19.006638
15:40:13 10-4-2026	1263.284223	  0.000000	  4.660493	  0.000000	  0.122683	 -0.124971	  0.174754	  0.159548	  0.120790	  0.151919	  0.015869	  0.013306	 19.006638	 19.054704	 18.715953	 19.002060
15:40:14 10-4-2026	1210.205054	  0.000000	  4.660493	  0.000000	  0.120607	 -0.119898	  0.172045	  0.154299	  0.120912	  0.163027	  0.013489	  0.015076	 19.020371	 19.054704	 18.720531	 19.006638
15:40:15 10-4-2026	1208.174509	  0.000000	  4.660493	  0.000000	  0.120302	 -0.101930	  0.174945	  0.179263	  0.120790	  0.159426	  0.013489	  0.012207	 19.013504	 19.050126	 18.727398	 19.006638
15:40:16 10-4-2026	1206.150766	  0.000000	  4.660493	  0.000000	  0.119020	 -0.135119	  0.175822	  0.151003	  0.120790	  0.152102	  0.008423	  0.016663	 19.013504	 19.061570	 18.720531	 19.002060
15:40:17 10-4-2026	1204.133791	  0.000000	  4.660493	  0.000000	  0.119020	 -0.119211	  0.174945	  0.153811	  0.120912	  0.157656	  0.013184	  0.014282	 19.006638	 19.054704	 18.727398	 19.006638
15:40:18 10-4-2026	1206.150766	  0.000000	  4.660493	  0.000000	  0.121584	 -0.133936	  0.174830	  0.157961	  0.120912	  0.158267	  0.010437	  0.015259	 19.006638	 19.068437	 18.709087	 19.006638
15:40:19 10-4-2026	1210.205054	  0.000000	  4.661317	  0.000000	  0.121706	 -0.133631	  0.175555	  0.147951	  0.121096	  0.158450	  0.015564	  0.015564	 19.002060	 19.061570	 18.720531	 19.006638
15:40:20 10-4-2026	1245.799320	  0.000000	  4.660493	  0.000000	  0.117128	 -0.121500	  0.174258	  0.165286	  0.120912	  0.158450	  0.016663	  0.015564	 19.020371	 19.054704	 18.715953	 19.024949
15:40:21 10-4-2026	1208.174509	  0.000000	  4.660493	  0.000000	  0.119203	 -0.140764	  0.174754	  0.157046	  0.120607	  0.171450	  0.014588	  0.014099	 19.006638	 19.061570	 18.715953	 19.006638
15:40:22 10-4-2026	1210.205054	  0.000000	  4.660493	  0.000000	  0.120302	 -0.115053	  0.175326	  0.157656	  0.120790	  0.157839	  0.025391	  0.012024	 19.013504	 19.054704	 18.720531	 19.020371
15:40:23 10-4-2026	1208.174509	  0.000000	  4.660493	  0.000000	  0.121401	 -0.147250	  0.175326	  0.136965	  0.120790	  0.144289	  0.016358	  0.013184	 19.013504	 19.061570	 18.715953	 19.013504
15:40:24 10-4-2026	1208.174509	  0.000000	  4.661317	  0.000000	  0.117433	 -0.128939	  0.174830	  0.171939	  0.121096	  0.159854	  0.014099	  0.015259	 19.013504	 19.061570	 18.709087	 19.013504
15:40:25 10-4-2026	1212.242436	  0.000000	  4.661317	  0.000000	  0.119020	 -0.121614	  0.175135	  0.158450	  0.121096	  0.144778	  0.021424	  0.013306	 19.013504	 19.061570	 18.715953	 19.013504
15:40:26 10-4-2026	1210.205054	  0.000000	  4.664063	  0.000000	  0.123171	 -0.133135	  0.175326	  0.141299	  0.120790	  0.150515	  0.014282	  0.015869	 19.013504	 19.061570	 18.720531	 19.013504
15:40:27 10-4-2026	1220.461029	  0.000000	  4.665437	  0.000000	  0.119203	 -0.117418	  0.174640	  0.149722	  0.121096	  0.153506	  0.015686	  0.013794	 19.020371	 19.054704	 18.720531	 19.006638
15:40:28 10-4-2026	1206.150766	  0.000000	  4.665437	  0.000000	  0.122072	 -0.134012	  0.174830	  0.152407	  0.121096	  0.147646	  0.012390	  0.013306	 19.013504	 19.061570	 18.715953	 19.013504
15:40:29 10-4-2026	1208.174509	  0.000000	  4.668458	  0.000000	  0.117739	 -0.124971	  0.174945	  0.148440	  0.120912	  0.148135	  0.019043	  0.012390	 19.020371	 19.061570	 18.715953	 19.013504
15:40:30 10-4-2026	1208.174509	  0.000000	  4.669831	  0.000000	  0.119203	 -0.116846	  0.174830	  0.170657	  0.120790	  0.144289	  0.014405	  0.012818	 19.006638	 19.068437	 18.727398	 19.024949
15:40:31 10-4-2026	1208.174509	  0.000000	  4.666261	  0.000000	  0.119326	 -0.107500	  0.175441	  0.162234	  0.120912	  0.136172	  0.014588	  0.012512	 19.020371	 19.054704	 18.720531	 19.013504
15:40:32 10-4-2026	1206.150766	  0.000000	  4.665437	  0.000000	  0.120607	 -0.123980	  0.176051	  0.165469	  0.120912	  0.146548	  0.016358	  0.011414	 19.020371	 19.068437	 18.720531	 19.013504
15:40:33 10-4-2026	1212.242436	  0.000000	  4.661317	  0.000000	  0.118837	 -0.117647	  0.175937	  0.144167	  0.120912	  0.152407	  0.019837	  0.011902	 19.020371	 19.068437	 18.720531	 19.013504
15:40:34 10-4-2026	1208.174509	  0.000000	  4.660493	  0.000000	  0.120607	 -0.123178	  0.175059	  0.146853	  0.121096	  0.161929	  0.016358	  0.011231	 19.031815	 19.068437	 18.715953	 19.020371
15:40:35 10-4-2026	1208.174509	  0.000000	  4.660493	  0.000000	  0.120790	 -0.123102	  0.174449	  0.161135	  0.121096	  0.159060	  0.015686	  0.013306	 19.020371	 19.068437	 18.715953	 19.013504
15:40:36 10-4-2026	1208.174509	  0.000000	  4.660493	  0.000000	  0.121584	 -0.118906	  0.175441	  0.146059	  0.120790	  0.148257	  0.017762	  0.013001	 19.020371	 19.061570	 18.727398	 19.024949
15:40:37 10-4-2026	1208.174509	  0.000000	  4.660493	  0.000000	  0.120485	 -0.123674	  0.175135	  0.160037	  0.120607	  0.152407	  0.021607	  0.011414	 19.024949	 19.061570	 18.715953	 19.020371
15:40:38 10-4-2026	1206.150766	  0.000000	  4.660493	  0.000000	  0.120485	 -0.108988	  0.175326	  0.168765	  0.120912	  0.146365	  0.005676	  0.012390	 19.024949	 19.079881	 18.720531	 19.020371
15:40:39 10-4-2026	1208.174509	  0.000000	  4.660493	  0.000000	  0.121279	 -0.123407	  0.175250	  0.148440	  0.121279	  0.136355	  0.016663	  0.010803	 19.031815	 19.068437	 18.720531	 19.020371
15:40:40 10-4-2026	1212.242436	  0.000000	  4.660493	  0.000000	  0.119020	 -0.120127	  0.175250	  0.163210	  0.121096	  0.154971	  0.016846	  0.014588	 19.024949	 19.068437	 18.720531	 19.024949
15:40:41 10-4-2026	1208.174509	  0.000000	  4.660493	  0.000000	  0.121279	 -0.129549	  0.174830	  0.174685	  0.121279	  0.150515	  0.015869	  0.013794	 19.024949	 19.073014	 18.715953	 19.024949
15:40:42 10-4-2026	1333.466680	  0.000000	  4.660493	  0.000000	  0.119509	 -0.115625	  0.175059	  0.169741	  0.121401	  0.136843	  0.023499	  0.014893	 19.031815	 19.073014	 18.720531	 19.020371
15:40:43 10-4-2026	1210.205054	  0.000000	  4.660493	  0.000000	  0.120119	 -0.125277	  0.174945	  0.140322	  0.120912	  0.152224	  0.013001	  0.012696	 19.036393	 19.079881	 18.715953	 19.024949
15:40:44 10-4-2026	1210.205054	  0.000000	  4.660493	  0.000000	  0.120912	 -0.121920	  0.174754	  0.166262	  0.120912	  0.146181	  0.012390	  0.013184	 19.031815	 19.068437	 18.720531	 19.024949
15:40:45 10-4-2026	1208.174509	  0.000000	  4.661317	  0.000000	  0.122194	 -0.129053	  0.175250	  0.146670	  0.120912	  0.144289	  0.022217	  0.011231	 19.036393	 19.079881	 18.709087	 19.024949
15:40:46 10-4-2026	1208.174509	  0.000000	  4.660493	  0.000000	  0.118532	 -0.122110	  0.175746	  0.153017	  0.120912	  0.151308	  0.013977	  0.012512	 19.031815	 19.079881	 18.720531	 19.024949
15:40:47 10-4-2026	1206.150766	  0.000000	  4.660493	  0.000000	  0.120485	 -0.123484	  0.175059	  0.194034	  0.121096	  0.155398	  0.033509	  0.013001	 19.036393	 19.068437	 18.709087	 19.024949
15:40:48 10-4-2026	1206.150766	  0.000000	  4.660493	  0.000000	  0.120302	 -0.120813	  0.175441	  0.157351	  0.121401	  0.162600	  0.016175	  0.013977	 19.036393	 19.079881	 18.715953	 19.031815
15:40:49 10-4-2026	1302.119362	  0.000000	  4.660493	  0.000000	  0.119692	 -0.119516	  0.175059	  0.158755	  0.121096	  0.145266	  0.017273	  0.013001	 19.031815	 19.079881	 18.715953	 19.024949
15:40:50 10-4-2026	1206.150766	  0.000000	  4.660493	  0.000000	  0.121889	 -0.130655	  0.174830	  0.181033	  0.121096	  0.166384	  0.020630	  0.011719	 19.036393	 19.098192	 18.715953	 19.031815
15:40:51 10-4-2026	1210.205054	  0.000000	  4.660493	  0.000000	  0.123659	 -0.110475	  0.175822	  0.145571	  0.121096	  0.138430	  0.020813	  0.014099	 19.043259	 19.079881	 18.715953	 19.024949
15:40:52 10-4-2026	1208.174509	  0.000000	  4.660493	  0.000000	  0.117433	 -0.121004	  0.174945	  0.167056	  0.121401	  0.153017	  0.013977	  0.011902	 19.031815	 19.084459	 18.720531	 19.024949
15:40:53 10-4-2026	1206.150766	  0.000000	  4.660493	  0.000000	  0.118532	 -0.132029	  0.174449	  0.157656	  0.121401	  0.140627	  0.010925	  0.013611	 19.036393	 19.073014	 18.715953	 19.024949
15:40:54 10-4-2026	1206.150766	  0.000000	  4.660493	  0.000000	  0.117922	 -0.125772	  0.174754	  0.126467	  0.121401	  0.142702	  0.010803	  0.016480	 19.036393	 19.084459	 18.715953	 19.024949
15:40:55 10-4-2026	1208.174509	  0.000000	  4.660493	  0.000000	  0.117250	 -0.130045	  0.175059	  0.143008	  0.120912	  0.156558	  0.011597	  0.011902	 19.036393	 19.084459	 18.715953	 19.043259
15:40:56 10-4-2026	1269.968267	  0.000000	  4.660493	  0.000000	  0.119997	 -0.126383	  0.175250	  0.146853	  0.121096	  0.157351	  0.020630	  0.012818	 19.031815	 19.079881	 18.727398	 19.024949
15:40:57 10-4-2026	1210.205054	  0.000000	  4.660493	  0.000000	  0.119814	 -0.114748	  0.175631	  0.161318	  0.121279	  0.135378	  0.022217	  0.014282	 19.036393	 19.084459	 18.720531	 19.024949
15:40:58 10-4-2026	1206.150766	  0.000000	  4.660493	  0.000000	  0.122683	 -0.122492	  0.175326	  0.180850	  0.121279	  0.153201	  0.017762	  0.012696	 19.050126	 19.079881	 18.727398	 19.036393
15:40:59 10-4-2026	1208.174509	  0.000000	  4.656922	  0.000000	  0.118410	 -0.128176	  0.175326	  0.122988	  0.120790	  0.155581	  0.029236	  0.015259	 19.036393	 19.091325	 18.720531	 19.050126
15:41:00 10-4-2026	1204.133791	  0.000000	  4.655549	  0.000000	  0.122988	 -0.137713	  0.175746	  0.165469	  0.120912	  0.146365	  0.019654	  0.012696	 19.036393	 19.079881	 18.720531	 19.036393
15:41:01 10-4-2026	1208.174509	  0.000000	  4.656373	  0.000000	  0.118227	 -0.118906	  0.175250	  0.162112	  0.121401	  0.133974	  0.016968	  0.013794	 19.043259	 19.084459	 18.727398	 19.043259
15:41:02 10-4-2026	1206.150766	  0.000000	  4.656373	  0.000000	  0.120485	 -0.117227	  0.175250	  0.157656	  0.120912	  0.135744	  0.007630	  0.013184	 19.031815	 19.102770	 18.720531	 19.036393
15:41:03 10-4-2026	1239.366622	  0.000000	  4.659943	  0.000000	  0.117433	 -0.112383	  0.175555	  0.185122	  0.121279	  0.157351	  0.014099	  0.013306	 19.050126	 19.079881	 18.734264	 19.036393
15:41:04 10-4-2026	1208.174509	  0.000000	  4.660493	  0.000000	  0.123171	 -0.127756	  0.174754	  0.153506	  0.121401	  0.134951	  0.018555	  0.013611	 19.043259	 19.098192	 18.720531	 19.036393
15:41:05 10-4-2026	1208.174509	  0.000000	  4.660493	  0.000000	  0.119814	 -0.118906	  0.175631	  0.154482	  0.120912	  0.147463	  0.015381	  0.012207	 19.036393	 19.084459	 18.715953	 19.043259
15:41:06 10-4-2026	1214.286690	  0.000000	  4.660493	  0.000000	  0.120912	 -0.129854	  0.175326	  0.182437	  0.120790	  0.153994	  0.013611	  0.014099	 19.050126	 19.079881	 18.720531	 19.036393
15:41:07 10-4-2026	1208.174509	  0.000000	  4.659943	  0.000000	  0.119814	 -0.123980	  0.174754	  0.165774	  0.121096	  0.157351	  0.016052	  0.012818	 19.031815	 19.079881	 18.720531	 19.036393
15:41:08 10-4-2026	1208.174509	  0.000000	  4.660493	  0.000000	  0.119203	 -0.106508	  0.175250	  0.174014	  0.121279	  0.159731	  0.014405	  0.014405	 19.050126	 19.084459	 18.727398	 19.031815
15:41:09 10-4-2026	1208.174509	  0.000000	  4.660493	  0.000000	  0.120790	 -0.133440	  0.174945	  0.159426	  0.121279	  0.169070	  0.016846	  0.013001	 19.050126	 19.073014	 18.720531	 19.043259
15:41:10 10-4-2026	1218.395951	  0.000000	  4.660493	  0.000000	  0.121706	 -0.132944	  0.175326	  0.149233	  0.121401	  0.157473	  0.017762	  0.013489	 19.043259	 19.084459	 18.727398	 19.050126
15:41:11 10-4-2026	1208.174509	  0.000000	  4.660493	  0.000000	  0.120119	 -0.144465	  0.175937	  0.157351	  0.121096	  0.145388	  0.020020	  0.013611	 19.054704	 19.098192	 18.720531	 19.043259
15:41:12 10-4-2026	1206.150766	  0.000000	  4.660493	  0.000000	  0.121401	 -0.129435	  0.175250	  0.167483	  0.121279	  0.129519	  0.014282	  0.012818	 19.050126	 19.084459	 18.720531	 19.043259
15:41:13 10-4-2026	1204.133791	  0.000000	  4.660493	  0.000000	  0.122377	 -0.139391	  0.175631	  0.153811	  0.121279	  0.146548	  0.007141	  0.013794	 19.050126	 19.091325	 18.734264	 19.036393
15:41:14 10-4-2026	1206.150766	  0.000000	  4.660493	  0.000000	  0.121889	 -0.137102	  0.175555	  0.161624	  0.121096	  0.157656	  0.010437	  0.012207	 19.050126	 19.091325	 18.720531	 19.043259
15:41:15 10-4-2026	1208.174509	  0.000000	  4.660493	  0.000000	  0.120302	 -0.102045	  0.175631	  0.155276	  0.121096	  0.136965	  0.020325	  0.013611	 19.050126	 19.091325	 18.715953	 19.050126
15:41:16 10-4-2026	1210.205054	  0.000000	  4.660493	  0.000000	  0.118227	 -0.135920	  0.175059	  0.156863	  0.121096	  0.145388	  0.012512	  0.013611	 19.043259	 19.091325	 18.720531	 19.050126
15:41:17 10-4-2026	1206.150766	  0.000000	  4.660493	  0.000000	  0.118532	 -0.143549	  0.175326	  0.190738	  0.121401	  0.153994	  0.026856	  0.013184	 19.050126	 19.098192	 18.715953	 19.043259
15:41:18 10-4-2026	1210.205054	  0.000000	  4.661317	  0.000000	  0.119997	 -0.118830	  0.175326	  0.159548	  0.121279	  0.139834	  0.017151	  0.014893	 19.043259	 19.091325	 18.720531	 19.050126
15:41:19 10-4-2026	1208.174509	  0.000000	  4.660493	  0.000000	  0.120485	 -0.129244	  0.175822	  0.157473	  0.121096	  0.142092	  0.016663	  0.012696	 19.043259	 19.091325	 18.727398	 19.043259
15:41:20 10-4-2026	1208.174509	  0.000000	  4.660493	  0.000000	  0.119692	 -0.124666	  0.175135	  0.159548	  0.121584	  0.151797	  0.011719	  0.014405	 19.054704	 19.098192	 18.720531	 19.043259
15:41:21 10-4-2026	1210.205054	  0.000000	  4.661317	  0.000000	  0.117433	 -0.109598	  0.175631	  0.146181	  0.121401	  0.163699	  0.008850	  0.013489	 19.050126	 19.091325	 18.715953	 19.050126
15:41:22 10-4-2026	1210.205054	  0.000000	  4.660493	  0.000000	  0.120119	 -0.109789	  0.175631	  0.159426	  0.121401	  0.159731	  0.012390	  0.012024	 19.054704	 19.091325	 18.720531	 19.050126
15:41:23 10-4-2026	1208.174509	  0.000000	  4.660493	  0.000000	  0.122072	 -0.127756	  0.175250	  0.126833	  0.120912	  0.148257	  0.014893	  0.013489	 19.050126	 19.102770	 18.727398	 19.054704
15:41:24 10-4-2026	1206.150766	  0.000000	  4.660493	  0.000000	  0.121401	 -0.123903	  0.175746	  0.150820	  0.121584	  0.145266	  0.013184	  0.013306	 19.050126	 19.098192	 18.720531	 19.050126
15:41:25 10-4-2026	1210.205054	  0.000000	  4.660493	  0.000000	  0.119326	 -0.126688	  0.175250	  0.163210	  0.121584	  0.149844	  0.015869	  0.013611	 19.043259	 19.098192	 18.715953	 19.054704
15:41:26 10-4-2026	1208.174509	  0.000000	  4.660493	  0.000000	  0.119203	 -0.141756	  0.175441	  0.160220	  0.121706	  0.142092	  0.007752	  0.014099	 19.061570	 19.098192	 18.720531	 19.054704
15:41:27 10-4-2026	1206.150766	  0.000000	  4.660493	  0.000000	  0.119509	 -0.145457	  0.175555	  0.149050	  0.121401	  0.163516	  0.014771	  0.012207	 19.068437	 19.091325	 18.709087	 19.043259
15:41:28 10-4-2026	1210.205054	  0.000000	  4.660493	  0.000000	  0.119997	 -0.120394	  0.174830	  0.173892	  0.120912	  0.151308	  0.011231	  0.014282	 19.050126	 19.102770	 18.720531	 19.068437
15:41:29 10-4-2026	1208.174509	  0.000000	  4.660493	  0.000000	  0.119203	 -0.118334	  0.175326	  0.154177	  0.121096	  0.146365	  0.005188	  0.013184	 19.054704	 19.102770	 18.715953	 19.054704
15:41:30 10-4-2026	1206.150766	  0.000000	  4.660493	  0.000000	  0.119997	 -0.119631	  0.175822	  0.158938	  0.121279	  0.158938	  0.013001	  0.015381	 19.054704	 19.109636	 18.715953	 19.050126
15:41:31 10-4-2026	1206.150766	  0.000000	  4.660493	  0.000000	  0.119326	 -0.120813	  0.175250	  0.170535	  0.121584	  0.149538	  0.017639	  0.012818	 19.054704	 19.102770	 18.720531	 19.054704
15:41:32 10-4-2026	1338.423805	  0.000000	  4.660493	  0.000000	  0.120302	 -0.114061	  0.175441	  0.153811	  0.121706	  0.161135	  0.009033	  0.012818	 19.050126	 19.102770	 18.720531	 19.061570
15:41:33 10-4-2026	1208.174509	  0.000000	  4.660493	  0.000000	  0.120485	 -0.125086	  0.175250	  0.155764	  0.121584	  0.149844	  0.012818	  0.013306	 19.061570	 19.102770	 18.727398	 19.068437
15:41:34 10-4-2026	1208.174509	  0.000000	  4.660493	  0.000000	  0.117922	 -0.123903	  0.175326	  0.152407	  0.121401	  0.157473	  0.014405	  0.015564	 19.068437	 19.121080	 18.727398	 19.050126
15:41:35 10-4-2026	1206.150766	  0.000000	  4.660493	  0.000000	  0.118044	 -0.126574	  0.175937	  0.170535	  0.121889	  0.140932	  0.008850	  0.014282	 19.068437	 19.098192	 18.727398	 19.054704
15:41:36 10-4-2026	1206.150766	  0.000000	  4.660493	  0.000000	  0.119997	 -0.139582	  0.175250	  0.157839	  0.121401	  0.152224	  0.016663	  0.013184	 19.061570	 19.114214	 18.720531	 19.061570
15:41:37 10-4-2026	1208.174509	  0.000000	  4.660493	  0.000000	  0.120302	 -0.124666	  0.175441	  0.166690	  0.121279	  0.153017	  0.014282	  0.012512	 19.061570	 19.109636	 18.715953	 19.068437
15:41:38 10-4-2026	1208.174509	  0.000000	  4.660493	  0.000000	  0.119692	 -0.126383	  0.174945	  0.195804	  0.121279	  0.153689	  0.016052	  0.013001	 19.061570	 19.102770	 18.720531	 19.061570
15:41:39 10-4-2026	1304.478274	  0.000000	  4.660493	  0.000000	  0.121096	 -0.126955	  0.175059	  0.140932	  0.121401	  0.160525	  0.015686	  0.013184	 19.054704	 19.109636	 18.734264	 19.068437
15:41:40 10-4-2026	1208.174509	  0.000000	  4.660493	  0.000000	  0.121706	 -0.105402	  0.175555	  0.147463	  0.120912	  0.146853	  0.019654	  0.014588	 19.061570	 19.109636	 18.727398	 19.079881
15:41:41 10-4-2026	1210.205054	  0.000000	  4.660493	  0.000000	  0.121706	 -0.121691	  0.175250	  0.163699	  0.121279	  0.134585	  0.010315	  0.013794	 19.068437	 19.109636	 18.727398	 19.054704
15:41:42 10-4-2026	1208.174509	  0.000000	  4.661317	  0.000000	  0.119814	 -0.124895	  0.176127	  0.180240	  0.121584	  0.156069	  0.009522	  0.013184	 19.061570	 19.114214	 18.720531	 19.061570
15:41:43 10-4-2026	1208.174509	  0.000000	  4.664063	  0.000000	  0.119814	 -0.124285	  0.175441	  0.181643	  0.121706	  0.141604	  0.013611	  0.013794	 19.061570	 19.102770	 18.727398	 19.061570
15:41:44 10-4-2026	1210.205054	  0.000000	  4.664887	  0.000000	  0.117433	 -0.134623	  0.175441	  0.173526	  0.121889	  0.153384	  0.017945	  0.014588	 19.068437	 19.109636	 18.720531	 19.068437
15:41:45 10-4-2026	1206.150766	  0.000000	  4.664887	  0.000000	  0.119020	 -0.107385	  0.175631	  0.149844	  0.121584	  0.151919	  0.013001	  0.013611	 19.061570	 19.109636	 18.720531	 19.068437
15:41:46 10-4-2026	1263.284223	  0.000000	  4.664887	  0.000000	  0.119203	 -0.137484	  0.174945	  0.165896	  0.121889	  0.149844	  0.016175	  0.013611	 19.073014	 19.109636	 18.720531	 19.061570
15:41:47 10-4-2026	1208.174509	  0.000000	  4.664887	  0.000000	  0.122194	 -0.123980	  0.175746	  0.170352	  0.121584	  0.140017	  0.020325	  0.013001	 19.068437	 19.121080	 18.720531	 19.061570
15:41:48 10-4-2026	1208.174509	  0.000000	  4.665437	  0.000000	  0.122194	 -0.128862	  0.175250	  0.162234	  0.121279	  0.158267	  0.016175	  0.013489	 19.068437	 19.121080	 18.727398	 19.068437
15:41:49 10-4-2026	1208.174509	  0.000000	  4.665437	  0.000000	  0.119203	 -0.114557	  0.175746	  0.162234	  0.121279	  0.157168	  0.013977	  0.012390	 19.061570	 19.114214	 18.734264	 19.068437
15:41:50 10-4-2026	1208.174509	  0.000000	  4.665437	  0.000000	  0.118715	 -0.132448	  0.175631	  0.166567	  0.120912	  0.156863	  0.011902	  0.013001	 19.073014	 19.114214	 18.727398	 19.068437
15:41:51 10-4-2026	1208.174509	  0.000000	  4.664887	  0.000000	  0.119997	 -0.132525	  0.175555	  0.146365	  0.121401	  0.157168	  0.007752	  0.013794	 19.079881	 19.114214	 18.720531	 19.068437
15:41:52 10-4-2026	1212.242436	  0.000000	  4.664887	  0.000000	  0.122499	 -0.138209	  0.175441	  0.167361	  0.121279	  0.145876	  0.011109	  0.013794	 19.073014	 19.114214	 18.720531	 19.068437
15:41:53 10-4-2026	1230.892320	  0.000000	  4.669007	  0.000000	  0.120790	 -0.105516	  0.175631	  0.174807	  0.121889	  0.152590	  0.015381	  0.013184	 19.073014	 19.121080	 18.727398	 19.061570
15:41:54 10-4-2026	1208.174509	  0.000000	  4.669007	  0.000000	  0.121279	 -0.127184	  0.174945	  0.177676	  0.121889	  0.159243	  0.017273	  0.014771	 19.073014	 19.121080	 18.715953	 19.068437
15:41:55 10-4-2026	1208.174509	  0.000000	  4.669831	  0.000000	  0.120485	 -0.122797	  0.175135	  0.179446	  0.121706	  0.144961	  0.006165	  0.013977	 19.061570	 19.121080	 18.720531	 19.068437
15:41:56 10-4-2026	1210.205054	  0.000000	  4.669831	  0.000000	  0.119203	 -0.113146	  0.176318	  0.164675	  0.121889	  0.158450	  0.006775	  0.013001	 19.073014	 19.109636	 18.720531	 19.068437
15:41:57 10-4-2026	1208.174509	  0.000000	  4.669831	  0.000000	  0.117617	 -0.128252	  0.175746	  0.145754	  0.121401	  0.151431	  0.015381	  0.012818	 19.073014	 19.114214	 18.720531	 19.068437
15:41:58 10-4-2026	1208.174509	  0.000000	  4.669831	  0.000000	  0.119203	 -0.114137	  0.176127	  0.161013	  0.121706	  0.134768	  0.016052	  0.013184	 19.073014	 19.114214	 18.727398	 19.073014
15:41:59 10-4-2026	1210.205054	  0.000000	  4.669007	  0.000000	  0.119509	 -0.125582	  0.175746	  0.166079	  0.121706	  0.160830	  0.013794	  0.013306	 19.068437	 19.109636	 18.720531	 19.068437
15:42:00 10-4-2026	1208.174509	  0.000000	  4.669007	  0.000000	  0.120485	 -0.110590	  0.175746	  0.169863	  0.121889	  0.149844	  0.019654	  0.014282	 19.079881	 19.127947	 18.720531	 19.068437
15:42:01 10-4-2026	1210.205054	  0.000000	  4.669831	  0.000000	  0.122499	 -0.138476	  0.174830	  0.144594	  0.121584	  0.141299	  0.019654	  0.013184	 19.079881	 19.132525	 18.745708	 19.073014
15:42:02 10-4-2026	1210.205054	  0.000000	  4.665437	  0.000000	  0.119020	 -0.117647	  0.175059	  0.164675	  0.121584	  0.143496	  0.012818	  0.013794	 19.068437	 19.121080	 18.720531	 19.073014
15:42:03 10-4-2026	1210.205054	  0.000000	  4.665437	  0.000000	  0.120485	 -0.102235	  0.176432	  0.153017	  0.121401	  0.153201	  0.012207	  0.012512	 19.068437	 19.121080	 18.720531	 19.073014
15:42:04 10-4-2026	1208.174509	  0.000000	  4.661317	  0.000000	  0.117922	 -0.117914	  0.175326	  0.159426	  0.121706	  0.161135	  0.015259	  0.012207	 19.073014	 19.127947	 18.727398	 19.079881
15:42:05 10-4-2026	1208.174509	  0.000000	  4.660493	  0.000000	  0.121279	 -0.122187	  0.175441	  0.157168	  0.121584	  0.161624	  0.005982	  0.014099	 19.073014	 19.127947	 18.720531	 19.079881
15:42:06 10-4-2026	1208.174509	  0.000000	  4.660493	  0.000000	  0.120119	 -0.114443	  0.175441	  0.159060	  0.121889	  0.150210	  0.018860	  0.014282	 19.073014	 19.121080	 18.727398	 19.073014
15:42:07 10-4-2026	1212.242436	  0.000000	  4.660493	  0.000000	  0.123964	 -0.132219	  0.176051	  0.147158	  0.121706	  0.144778	  0.017762	  0.011902	 19.079881	 19.127947	 18.727398	 19.084459
15:42:08 10-4-2026	1345.928985	  0.000000	  4.660493	  0.000000	  0.121096	 -0.139391	  0.175822	  0.135256	  0.121584	  0.170840	  0.010132	  0.013977	 19.079881	 19.127947	 18.709087	 19.073014
15:42:09 10-4-2026	1208.174509	  0.000000	  4.660493	  0.000000	  0.122377	 -0.111353	  0.175059	  0.179263	  0.121706	  0.163821	  0.013184	  0.016968	 19.079881	 19.121080	 18.720531	 19.079881
15:42:10 10-4-2026	1208.174509	  0.000000	  4.660493	  0.000000	  0.119692	 -0.122988	  0.175822	  0.147768	  0.121706	  0.148135	  0.017151	  0.013794	 19.079881	 19.127947	 18.720531	 19.079881
15:42:11 10-4-2026	1210.205054	  0.000000	  4.660493	  0.000000	  0.121401	 -0.131838	  0.175555	  0.157656	  0.121584	  0.144961	  0.015564	  0.013977	 19.098192	 19.132525	 18.727398	 19.079881
15:42:12 10-4-2026	1206.150766	  0.000000	  4.660493	  0.000000	  0.120119	 -0.126459	  0.175441	  0.156191	  0.121889	  0.144961	  0.013794	  0.013001	 19.073014	 19.127947	 18.727398	 19.084459
15:42:13 10-4-2026	1208.174509	  0.000000	  4.660493	  0.000000	  0.117617	 -0.132219	  0.175746	  0.159060	  0.121706	  0.160525	  0.020630	  0.013794	 19.084459	 19.127947	 18.727398	 19.084459
15:42:14 10-4-2026	1206.150766	  0.000000	  4.660493	  0.000000	  0.120302	 -0.121386	  0.175135	  0.164309	  0.121706	  0.150332	  0.010437	  0.013977	 19.079881	 19.127947	 18.734264	 19.091325
15:42:15 10-4-2026	1306.845748	  0.000000	  4.660493	  0.000000	  0.119203	 -0.133707	  0.175822	  0.117922	  0.121584	  0.144167	  0.021118	  0.011902	 19.084459	 19.121080	 18.727398	 19.084459
15:42:16 10-4-2026	1208.174509	  0.000000	  4.660493	  0.000000	  0.119692	 -0.116846	  0.175631	  0.167971	  0.121584	  0.138247	  0.015259	  0.012207	 19.084459	 19.132525	 18.727398	 19.084459
15:42:17 10-4-2026	1208.174509	  0.000000	  4.656373	  0.000000	  0.121584	 -0.102922	  0.175746	  0.139712	  0.121706	  0.151125	  0.007263	  0.014282	 19.079881	 19.132525	 18.720531	 19.084459
15:42:18 10-4-2026	1206.150766	  0.000000	  4.656373	  0.000000	  0.120912	 -0.121691	  0.175746	  0.165896	  0.121401	  0.161929	  0.018555	  0.013611	 19.084459	 19.132525	 18.720531	 19.084459
15:42:19 10-4-2026	1210.205054	  0.000000	  4.659943	  0.000000	  0.119692	 -0.104715	  0.176318	  0.179568	  0.121584	  0.155093	  0.016846	  0.014405	 19.084459	 19.127947	 18.734264	 19.091325
15:42:20 10-4-2026	1210.205054	  0.000000	  4.660493	  0.000000	  0.119326	 -0.127260	  0.175631	  0.138735	  0.122194	  0.142885	  0.011719	  0.014099	 19.084459	 19.132525	 18.734264	 19.084459
15:42:21 10-4-2026	1206.150766	  0.000000	  4.660493	  0.000000	  0.117739	 -0.139277	  0.176051	  0.180728	  0.121889	  0.152102	  0.008240	  0.015259	 19.091325	 19.139391	 18.727398	 19.079881
15:42:22 10-4-2026	1269.968267	  0.000000	  4.660493	  0.000000	  0.120485	 -0.117914	  0.175746	  0.149233	  0.121889	  0.161318	  0.021241	  0.012512	 19.091325	 19.132525	 18.727398	 19.084459
15:42:23 10-4-2026	1208.174509	  0.000000	  4.660493	  0.000000	  0.119020	 -0.129549	  0.176127	  0.156558	  0.121401	  0.157046	  0.015381	  0.013611	 19.084459	 19.132525	 18.727398	 19.091325
15:42:24 10-4-2026	1206.150766	  0.000000	  4.660493	  0.000000	  0.121401	 -0.123293	  0.175822	  0.181521	  0.121584	  0.166690	  0.013489	  0.013306	 19.084459	 19.132525	 18.734264	 19.091325
15:42:25 10-4-2026	1210.205054	  0.000000	  4.660493	  0.000000	  0.117922	 -0.124094	  0.176623	  0.101076	  0.121706	  0.138430	  0.019226	  0.012024	 19.098192	 19.132525	 18.720531	 19.084459
15:42:26 10-4-2026	1208.174509	  0.000000	  4.660493	  0.000000	  0.118532	 -0.127070	  0.175441	  0.167849	  0.121584	  0.164004	  0.016175	  0.013489	 19.091325	 19.132525	 18.727398	 19.091325
15:42:27 10-4-2026	1210.205054	  0.000000	  4.660493	  0.000000	  0.121279	 -0.134012	  0.175135	  0.153017	  0.121584	  0.145388	  0.016358	  0.013611	 19.091325	 19.150835	 18.727398	 19.084459
15:42:28 10-4-2026	1208.174509	  0.000000	  4.660493	  0.000000	  0.122194	 -0.149119	  0.175135	  0.179934	  0.121584	  0.158938	  0.013794	  0.012207	 19.098192	 19.143969	 18.720531	 19.091325
15:42:29 10-4-2026	1239.366622	  0.000000	  4.660493	  0.000000	  0.123476	 -0.107080	  0.175441	  0.150332	  0.121584	  0.152224	  0.020020	  0.013306	 19.091325	 19.150835	 18.727398	 19.084459
15:42:30 10-4-2026	1208.174509	  0.000000	  4.659943	  0.000000	  0.123476	 -0.124094	  0.176432	  0.148135	  0.121706	  0.153689	  0.017273	  0.014771	 19.091325	 19.132525	 18.727398	 19.091325
15:42:31 10-4-2026	1210.205054	  0.000000	  4.660493	  0.000000	  0.118837	 -0.124094	  0.175441	  0.151614	  0.121706	  0.162112	  0.012696	  0.013001	 19.091325	 19.143969	 18.727398	 19.084459
15:42:32 10-4-2026	1206.150766	  0.000000	  4.661317	  0.000000	  0.119692	 -0.133822	  0.176051	  0.175479	  0.121706	  0.154604	  0.011231	  0.014099	 19.091325	 19.143969	 18.727398	 19.091325
15:42:33 10-4-2026	1206.150766	  0.000000	  4.661317	  0.000000	  0.121706	 -0.116350	  0.175441	  0.143801	  0.121706	  0.155581	  0.013306	  0.012390	 19.098192	 19.139391	 18.727398	 19.084459
15:42:34 10-4-2026	1206.150766	  0.000000	  4.660493	  0.000000	  0.119203	 -0.123484	  0.176127	  0.148135	  0.121706	  0.149050	  0.021607	  0.012696	 19.102770	 19.132525	 18.727398	 19.098192
15:42:35 10-4-2026	1208.174509	  0.000000	  4.659943	  0.000000	  0.123171	 -0.109789	  0.175326	  0.170657	  0.121706	  0.153201	  0.010620	  0.016358	 19.098192	 19.143969	 18.734264	 19.091325
15:42:36 10-4-2026	1208.174509	  0.000000	  4.659943	  0.000000	  0.122377	 -0.128061	  0.176051	  0.172915	  0.121706	  0.154299	  0.021241	  0.013794	 19.102770	 19.139391	 18.727398	 19.098192
15:42:37 10-4-2026	1206.150766	  0.000000	  4.660493	  0.000000	  0.119997	 -0.115244	  0.175631	  0.146365	  0.121706	  0.158633	  0.015259	  0.007263	 19.098192	 19.139391	 18.727398	 19.098192
15:42:38 10-4-2026	1208.174509	  0.000000	  4.660493	  0.000000	  0.120912	 -0.108797	  0.175822	  0.160220	  0.122072	  0.148440	  0.012390	  0.013611	 19.091325	 19.150835	 18.734264	 19.098192
15:42:39 10-4-2026	1206.150766	  0.000000	  4.656373	  0.000000	  0.119692	 -0.131228	  0.176432	  0.132204	  0.122072	  0.145083	  0.019532	  0.013184	 19.102770	 19.139391	 18.720531	 19.098192
15:42:40 10-4-2026	1208.174509	  0.000000	  4.655549	  0.000000	  0.119814	 -0.128672	  0.176318	  0.153811	  0.121706	  0.152224	  0.012512	  0.012390	 19.114214	 19.143969	 18.720531	 19.102770
15:42:41 10-4-2026	1210.205054	  0.000000	  4.655549	  0.000000	  0.120119	 -0.112764	  0.175631	  0.145388	  0.121706	  0.139528	  0.017456	  0.014588	 19.098192	 19.150835	 18.720531	 19.091325
15:42:42 10-4-2026	1206.150766	  0.000000	  4.655549	  0.000000	  0.119814	 -0.104829	  0.175937	  0.148440	  0.121584	  0.151614	  0.016052	  0.011719	 19.098192	 19.143969	 18.727398	 19.098192
15:42:43 10-4-2026	1210.205054	  0.000000	  4.655549	  0.000000	  0.120302	 -0.115930	  0.176318	  0.157961	  0.121401	  0.145266	  0.016968	  0.013184	 19.102770	 19.143969	 18.734264	 19.102770
15:42:44 10-4-2026	1338.423805	  0.000000	  4.659943	  0.000000	  0.122194	 -0.109102	  0.175631	  0.148562	  0.121706	  0.152224	  0.018250	  0.013611	 19.102770	 19.157702	 18.734264	 19.098192
15:42:45 10-4-2026	1206.150766	  0.000000	  4.660493	  0.000000	  0.119203	 -0.133516	  0.175937	  0.152224	  0.121584	  0.141115	  0.018555	  0.015259	 19.109636	 19.150835	 18.738842	 19.098192
15:42:46 10-4-2026	1210.205054	  0.000000	  4.660493	  0.000000	  0.120302	 -0.126764	  0.176318	  0.170047	  0.121889	  0.144289	  0.012390	  0.012696	 19.109636	 19.143969	 18.727398	 19.098192
15:42:47 10-4-2026	1206.150766	  0.000000	  4.660493	  0.000000	  0.122194	 -0.130846	  0.175746	  0.136355	  0.121584	  0.148745	  0.013794	  0.015259	 19.109636	 19.150835	 18.734264	 19.102770
15:42:48 10-4-2026	1208.174509	  0.000000	  4.660493	  0.000000	  0.121584	 -0.125582	  0.176051	  0.163027	  0.121706	  0.151431	  0.011109	  0.015076	 19.102770	 19.150835	 18.727398	 19.098192
15:42:49 10-4-2026	1206.150766	  0.000000	  4.659943	  0.000000	  0.117433	 -0.127947	  0.175937	  0.149355	  0.122194	  0.157351	  0.017762	  0.009644	 19.098192	 19.150835	 18.727398	 19.098192
15:42:50 10-4-2026	1208.174509	  0.000000	  4.660493	  0.000000	  0.118410	 -0.114443	  0.175631	  0.177981	  0.122072	  0.153506	  0.023194	  0.012818	 19.109636	 19.150835	 18.727398	 19.098192
15:42:51 10-4-2026	1304.478274	  0.000000	  4.664063	  0.000000	  0.120302	 -0.138476	  0.175746	  0.156374	  0.121584	  0.141909	  0.021912	  0.014099	 19.102770	 19.150835	 18.727398	 19.102770
15:42:52 10-4-2026	1208.174509	  0.000000	  4.664887	  0.000000	  0.117922	 -0.105707	  0.176547	  0.148135	  0.121401	  0.155764	  0.019532	  0.018250	 19.098192	 19.150835	 18.727398	 19.098192
15:42:53 10-4-2026	1206.150766	  0.000000	  4.664887	  0.000000	  0.119020	 -0.142748	  0.176547	  0.153201	  0.121401	  0.143374	  0.013306	  0.012512	 19.109636	 19.150835	 18.727398	 19.114214
15:42:54 10-4-2026	1208.174509	  0.000000	  4.665437	  0.000000	  0.119997	 -0.125887	  0.175937	  0.171328	  0.121706	  0.152224	  0.018555	  0.013184	 19.102770	 19.143969	 18.727398	 19.102770
15:42:55 10-4-2026	1208.174509	  0.000000	  4.665437	  0.000000	  0.120302	 -0.105097	  0.175937	  0.162722	  0.122072	  0.140932	  0.018860	  0.012207	 19.121080	 19.150835	 18.720531	 19.102770
15:42:56 10-4-2026	1210.205054	  0.000000	  4.669007	  0.000000	  0.124758	 -0.110666	  0.175631	  0.175479	  0.121889	  0.155398	  0.015076	  0.013611	 19.109636	 19.150835	 18.727398	 19.109636
15:42:57 10-4-2026	1206.150766	  0.000000	  4.669831	  0.000000	  0.120912	 -0.124971	  0.176127	  0.158450	  0.122072	  0.158267	  0.012207	  0.013611	 19.121080	 19.157702	 18.727398	 19.102770
15:42:58 10-4-2026	1263.284223	  0.000000	  4.669831	  0.000000	  0.122499	 -0.128252	  0.175822	  0.156374	  0.121889	  0.150027	  0.018067	  0.013794	 19.109636	 19.157702	 18.720531	 19.114214
15:42:59 10-4-2026	1208.174509	  0.000000	  4.669831	  0.000000	  0.119509	 -0.132029	  0.176051	  0.170352	  0.121889	  0.161013	  0.012512	  0.013611	 19.109636	 19.150835	 18.727398	 19.102770
15:43:00 10-4-2026	1210.205054	  0.000000	  4.669831	  0.000000	  0.121889	 -0.123178	  0.176928	  0.180850	  0.121889	  0.164492	  0.022034	  0.013001	 19.114214	 19.162280	 18.738842	 19.109636
15:43:01 10-4-2026	1208.174509	  0.000000	  4.669831	  0.000000	  0.122499	 -0.129854	  0.176547	  0.169436	  0.122194	  0.133791	  0.015259	  0.012512	 19.114214	 19.157702	 18.734264	 19.102770
15:43:02 10-4-2026	1210.205054	  0.000000	  4.669831	  0.000000	  0.119203	 -0.119631	  0.176547	  0.159548	  0.121706	  0.154604	  0.012512	  0.013184	 19.109636	 19.162280	 18.727398	 19.114214
15:43:03 10-4-2026	1208.174509	  0.000000	  4.668458	  0.000000	  0.119509	 -0.107881	  0.175746	  0.148135	  0.121889	  0.150820	  0.013306	  0.013184	 19.109636	 19.157702	 18.720531	 19.114214
15:43:04 10-4-2026	1208.174509	  0.000000	  4.665437	  0.000000	  0.118227	 -0.118715	  0.175746	  0.179934	  0.122194	  0.163699	  0.008728	  0.012024	 19.102770	 19.157702	 18.720531	 19.109636
15:43:05 10-4-2026	1216.337850	  0.000000	  4.665437	  0.000000	  0.123293	 -0.132639	  0.175937	  0.146548	  0.121706	  0.156680	  0.021118	  0.013489	 19.114214	 19.162280	 18.720531	 19.114214
15:43:06 10-4-2026	1202.123551	  0.000000	  4.664063	  0.000000	  0.122683	 -0.125467	  0.175631	  0.180850	  0.122194	  0.151431	  0.020142	  0.011109	 19.114214	 19.162280	 18.734264	 19.109636
15:43:07 10-4-2026	1206.150766	  0.000000	  4.661317	  0.000000	  0.121096	 -0.130426	  0.176432	  0.161440	  0.122072	  0.146670	  0.017273	  0.013184	 19.102770	 19.157702	 18.734264	 19.109636
15:43:08 10-4-2026	1210.205054	  0.000000	  4.660493	  0.000000	  0.120912	 -0.130045	  0.176318	  0.157473	  0.122194	  0.150515	  0.015869	  0.014588	 19.109636	 19.169146	 18.727398	 19.121080
15:43:09 10-4-2026	1210.205054	  0.000000	  4.660493	  0.000000	  0.118410	 -0.124895	  0.176127	  0.146853	  0.122072	  0.132509	  0.018555	  0.011902	 19.114214	 19.169146	 18.727398	 19.114214
15:43:10 10-4-2026	1208.174509	  0.000000	  4.660493	  0.000000	  0.121279	 -0.122110	  0.176127	  0.154482	  0.122194	  0.137636	  0.019226	  0.013001	 19.114214	 19.157702	 18.727398	 19.121080
15:43:11 10-4-2026	1208.174509	  0.000000	  4.660493	  0.000000	  0.122194	 -0.126154	  0.176242	  0.150820	  0.122072	  0.171145	  0.017945	  0.010803	 19.127947	 19.162280	 18.720531	 19.121080
15:43:12 10-4-2026	1208.174509	  0.000000	  4.664887	  0.000000	  0.121279	 -0.110285	  0.176127	  0.172427	  0.122072	  0.163516	  0.021607	  0.013306	 19.114214	 19.169146	 18.734264	 19.109636
15:43:13 10-4-2026	1331.001862	  0.000000	  4.664887	  0.000000	  0.118837	 -0.123293	  0.176318	  0.169558	  0.122194	  0.162600	  0.013611	  0.014405	 19.121080	 19.187457	 18.734264	 19.121080
15:43:14 10-4-2026	1208.174509	  0.000000	  4.660493	  0.000000	  0.118532	 -0.123407	  0.176051	  0.164981	  0.122194	  0.138918	  0.019348	  0.011902	 19.114214	 19.162280	 18.727398	 19.121080
15:43:15 10-4-2026	1210.205054	  0.000000	  4.660493	  0.000000	  0.120790	 -0.133822	  0.176127	  0.144961	  0.122377	  0.157839	  0.011231	  0.011109	 19.121080	 19.162280	 18.727398	 19.114214
15:43:16 10-4-2026	1208.174509	  0.000000	  4.660493	  0.000000	  0.119509	 -0.138895	  0.175746	  0.149844	  0.121889	  0.153201	  0.013184	  0.013794	 19.109636	 19.162280	 18.734264	 19.127947
15:43:17 10-4-2026	1208.174509	  0.000000	  4.660493	  0.000000	  0.123293	 -0.138781	  0.176127	  0.151797	  0.122072	  0.164492	  0.018860	  0.011414	 19.121080	 19.162280	 18.727398	 19.121080
15:43:18 10-4-2026	1210.205054	  0.000000	  4.659119	  0.000000	  0.121279	 -0.125467	  0.176623	  0.155398	  0.122072	  0.144167	  0.024292	  0.012390	 19.121080	 19.173724	 18.734264	 19.121080
15:43:19 10-4-2026	1208.174509	  0.000000	  4.656922	  0.000000	  0.120790	 -0.121500	  0.176738	  0.157839	  0.122072	  0.159548	  0.014405	  0.015564	 19.114214	 19.169146	 18.720531	 19.121080
15:43:20 10-4-2026	1263.284223	  0.000000	  4.656373	  0.000000	  0.119020	 -0.113870	  0.176547	  0.168643	  0.122377	  0.149050	  0.010437	  0.013184	 19.121080	 19.169146	 18.727398	 19.114214
15:43:21 10-4-2026	1204.133791	  0.000000	  4.659943	  0.000000	  0.119326	 -0.110590	  0.176242	  0.152590	  0.122377	  0.151003	  0.013306	  0.014588	 19.121080	 19.169146	 18.734264	 19.127947
15:43:22 10-4-2026	1206.150766	  0.000000	  4.660493	  0.000000	  0.121401	 -0.131037	  0.176318	  0.137331	  0.122072	  0.146853	  0.010010	  0.012696	 19.121080	 19.180591	 18.720531	 19.127947
15:43:23 10-4-2026	1212.242436	  0.000000	  4.660493	  0.000000	  0.120302	 -0.122683	  0.176623	  0.134585	  0.122377	  0.150637	  0.015869	  0.013001	 19.121080	 19.169146	 18.720531	 19.127947
15:43:24 10-4-2026	1208.174509	  0.000000	  4.659943	  0.000000	  0.119814	 -0.116922	  0.176547	  0.154604	  0.122194	  0.157046	  0.008850	  0.013794	 19.121080	 19.173724	 18.720531	 19.132525
15:43:25 10-4-2026	1210.205054	  0.000000	  4.660493	  0.000000	  0.120485	 -0.113451	  0.175746	  0.147463	  0.122072	  0.151003	  0.016358	  0.012207	 19.121080	 19.173724	 18.727398	 19.139391
15:43:26 10-4-2026	1210.205054	  0.000000	  4.664063	  0.000000	  0.120119	 -0.118029	  0.176242	  0.147341	  0.122377	  0.160220	  0.008728	  0.014771	 19.114214	 19.169146	 18.727398	 19.121080
15:43:27 10-4-2026	1210.205054	  0.000000	  4.664063	  0.000000	  0.123171	 -0.128061	  0.175822	  0.128420	  0.122072	  0.144594	  0.023316	  0.014099	 19.121080	 19.187457	 18.734264	 19.139391
15:43:28 10-4-2026	1206.150766	  0.000000	  4.660493	  0.000000	  0.122866	 -0.133631	  0.176242	  0.170047	  0.122072	  0.151797	  0.015076	  0.012818	 19.121080	 19.180591	 18.734264	 19.132525
15:43:29 10-4-2026	1210.205054	  0.000000	  4.660493	  0.000000	  0.118837	 -0.135500	  0.176814	  0.162600	  0.122072	  0.154299	  0.013184	  0.013977	 19.127947	 19.173724	 18.727398	 19.127947
15:43:30 10-4-2026	1210.205054	  0.000000	  4.660493	  0.000000	  0.119997	 -0.113947	  0.176051	  0.164004	  0.122072	  0.162722	  0.017945	  0.012390	 19.127947	 19.173724	 18.734264	 19.132525
15:43:31 10-4-2026	1206.150766	  0.000000	  4.660493	  0.000000	  0.118044	 -0.121805	  0.176432	  0.147646	  0.122377	  0.156191	  0.012512	  0.013184	 19.139391	 19.173724	 18.727398	 19.127947
15:43:32 10-4-2026	1210.205054	  0.000000	  4.660493	  0.000000	  0.121401	 -0.126154	  0.176623	  0.166873	  0.122377	  0.154482	  0.009033	  0.015259	 19.127947	 19.187457	 18.727398	 19.139391
15:43:33 10-4-2026	1208.174509	  0.000000	  4.656922	  0.000000	  0.122194	 -0.110094	  0.176547	  0.184024	  0.122072	  0.158755	  0.015564	  0.012818	 19.127947	 19.173724	 18.727398	 19.132525
15:43:34 10-4-2026	1210.205054	  0.000000	  4.656373	  0.000000	  0.119203	 -0.114939	  0.176432	  0.168154	  0.122377	  0.158145	  0.014893	  0.014282	 19.127947	 19.180591	 18.727398	 19.132525
15:43:35 10-4-2026	1208.174509	  0.000000	  4.659943	  0.000000	  0.120119	 -0.131151	  0.176051	  0.179080	  0.122377	  0.142214	  0.019837	  0.012696	 19.139391	 19.180591	 18.727398	 19.139391
15:43:36 10-4-2026	1212.242436	  0.000000	  4.660493	  0.000000	  0.120485	 -0.117418	  0.176547	  0.179263	  0.122499	  0.137636	  0.020447	  0.011902	 19.121080	 19.173724	 18.734264	 19.132525
15:43:37 10-4-2026	1206.150766	  0.000000	  4.660493	  0.000000	  0.119509	 -0.120394	  0.176318	  0.161624	  0.122194	  0.169863	  0.014099	  0.013306	 19.127947	 19.180591	 18.727398	 19.143969
15:43:38 10-4-2026	1208.174509	  0.000000	  4.660493	  0.000000	  0.121096	 -0.113870	  0.176127	  0.184512	  0.122072	  0.144472	  0.016846	  0.013306	 19.132525	 19.180591	 18.745708	 19.132525
15:43:39 10-4-2026	1212.242436	  0.000000	  4.660493	  0.000000	  0.120607	 -0.113870	  0.176814	  0.161013	  0.122499	  0.134951	  0.025391	  0.010315	 19.127947	 19.180591	 18.727398	 19.143969
15:43:40 10-4-2026	1206.150766	  0.000000	  4.656373	  0.000000	  0.120119	 -0.124094	  0.176623	  0.137758	  0.122377	  0.151003	  0.010315	  0.013306	 19.127947	 19.180591	 18.734264	 19.139391
15:43:41 10-4-2026	1206.150766	  0.000000	  4.655549	  0.000000	  0.121096	 -0.116045	  0.176318	  0.143008	  0.122072	  0.139345	  0.019226	  0.014893	 19.132525	 19.187457	 18.734264	 19.132525
15:43:42 10-4-2026	1283.550815	  0.000000	  4.656373	  0.000000	  0.122072	 -0.122187	  0.176623	  0.172305	  0.122377	  0.156680	  0.015686	  0.015869	 19.121080	 19.180591	 18.727398	 19.139391
15:43:43 10-4-2026	1208.174509	  0.000000	  4.656373	  0.000000	  0.120302	 -0.130846	  0.176738	  0.180362	  0.122072	  0.157168	  0.013794	  0.015564	 19.139391	 19.180591	 18.738842	 19.139391
15:43:44 10-4-2026	1206.150766	  0.000000	  4.655549	  0.000000	  0.118837	 -0.127070	  0.176432	  0.147341	  0.122499	  0.158450	  0.017273	  0.012512	 19.132525	 19.187457	 18.734264	 19.127947
15:43:45 10-4-2026	1208.174509	  0.000000	  4.656373	  0.000000	  0.120912	 -0.117723	  0.176127	  0.164187	  0.122377	  0.163210	  0.012512	  0.012512	 19.132525	 19.180591	 18.727398	 19.132525
15:43:46 10-4-2026	1210.205054	  0.000000	  4.656373	  0.000000	  0.121401	 -0.145838	  0.176432	  0.182132	  0.122377	  0.151614	  0.015259	  0.014099	 19.139391	 19.180591	 18.727398	 19.139391
15:43:47 10-4-2026	1210.205054	  0.000000	  4.659943	  0.000000	  0.120302	 -0.113642	  0.176928	  0.161624	  0.122499	  0.152407	  0.020630	  0.011231	 19.132525	 19.203479	 18.738842	 19.139391
15:43:48 10-4-2026	1210.205054	  0.000000	  4.659943	  0.000000	  0.120119	 -0.120699	  0.176738	  0.143679	  0.122072	  0.161807	  0.016968	  0.015259	 19.143969	 19.180591	 18.727398	 19.132525
15:43:49 10-4-2026	1208.174509	  0.000000	  4.660493	  0.000000	  0.121279	 -0.123293	  0.176738	  0.162234	  0.122194	  0.144778	  0.023682	  0.012024	 19.139391	 19.192035	 18.734264	 19.143969
15:43:50 10-4-2026	1210.205054	  0.000000	  4.664887	  0.000000	  0.121889	 -0.117342	  0.176738	  0.165103	  0.122194	  0.134951	  0.023987	  0.011109	 19.139391	 19.187457	 18.734264	 19.132525
15:43:51 10-4-2026	1210.205054	  0.000000	  4.664887	  0.000000	  0.118044	 -0.140993	  0.176547	  0.168765	  0.122499	  0.143008	  0.015381	  0.012696	 19.139391	 19.192035	 18.727398	 19.139391
15:43:52 10-4-2026	1208.174509	  0.000000	  4.665437	  0.000000	  0.119509	 -0.113565	  0.176242	  0.109621	  0.122499	  0.164004	  0.008240	  0.014771	 19.139391	 19.187457	 18.734264	 19.139391
15:43:53 10-4-2026	1208.174509	  0.000000	  4.665437	  0.000000	  0.121096	 -0.119631	  0.176814	  0.162417	  0.122194	  0.152590	  0.016968	  0.014893	 19.139391	 19.192035	 18.727398	 19.139391
15:43:54 10-4-2026	1206.150766	  0.000000	  4.665437	  0.000000	  0.119692	 -0.123102	  0.176432	  0.141299	  0.122377	  0.157961	  0.013794	  0.012207	 19.127947	 19.187457	 18.734264	 19.139391
15:43:55 10-4-2026	1206.150766	  0.000000	  4.664887	  0.000000	  0.120485	 -0.138590	  0.175937	  0.178470	  0.122194	  0.146181	  0.015564	  0.012390	 19.132525	 19.198901	 18.727398	 19.143969
15:43:56 10-4-2026	1208.174509	  0.000000	  4.664887	  0.000000	  0.121706	 -0.130159	  0.175555	  0.155886	  0.122377	  0.156558	  0.012390	  0.011414	 19.139391	 19.192035	 18.734264	 19.143969
15:43:57 10-4-2026	1318.813200	  0.000000	  4.665437	  0.000000	  0.120485	 -0.110590	  0.175822	  0.140139	  0.122499	  0.142214	  0.022522	  0.011414	 19.139391	 19.198901	 18.727398	 19.150835
15:43:58 10-4-2026	1208.174509	  0.000000	  4.664887	  0.000000	  0.120912	 -0.120699	  0.176623	  0.171023	  0.122194	  0.159731	  0.007935	  0.013977	 19.143969	 19.187457	 18.734264	 19.150835
15:43:59 10-4-2026	1208.174509	  0.000000	  4.665437	  0.000000	  0.118227	 -0.127260	  0.176318	  0.159731	  0.122499	  0.149355	  0.019348	  0.012024	 19.139391	 19.192035	 18.720531	 19.143969
15:44:00 10-4-2026	1206.150766	  0.000000	  4.664887	  0.000000	  0.119326	 -0.107996	  0.176432	  0.143496	  0.122499	  0.141909	  0.016175	  0.011414	 19.143969	 19.203479	 18.727398	 19.143969
15:44:01 10-4-2026	1208.174509	  0.000000	  4.664887	  0.000000	  0.118837	 -0.103838	  0.176432	  0.167666	  0.122377	  0.148562	  0.013306	  0.014405	 19.139391	 19.192035	 18.734264	 19.143969
15:44:02 10-4-2026	1210.205054	  0.000000	  4.665437	  0.000000	  0.121401	 -0.126078	  0.176623	  0.152102	  0.122499	  0.150332	  0.020630	  0.012512	 19.150835	 19.198901	 18.715953	 19.150835
15:44:03 10-4-2026	1204.133791	  0.000000	  4.669007	  0.000000	  0.120119	 -0.128748	  0.176738	  0.141115	  0.122377	  0.138552	  0.014282	  0.014405	 19.143969	 19.198901	 18.727398	 19.150835
15:44:04 10-4-2026	1239.366622	  0.000000	  4.669831	  0.000000	  0.121889	 -0.121996	  0.176547	  0.138125	  0.122377	  0.149233	  0.020630	  0.010925	 19.139391	 19.198901	 18.734264	 19.150835
15:44:05 10-4-2026	1208.174509	  0.000000	  4.669007	  0.000000	  0.116152	 -0.110971	  0.176432	  0.144778	  0.122499	  0.156863	  0.015076	  0.012390	 19.150835	 19.203479	 18.734264	 19.150835
15:44:06 10-4-2026	1204.133791	  0.000000	  4.669831	  0.000000	  0.122683	 -0.115740	  0.176547	  0.139528	  0.122194	  0.144594	  0.022400	  0.013001	 19.143969	 19.203479	 18.727398	 19.162280
15:44:07 10-4-2026	1208.174509	  0.000000	  4.669007	  0.000000	  0.121096	 -0.113756	  0.176738	  0.155398	  0.122377	  0.148562	  0.009522	  0.016480	 19.139391	 19.203479	 18.734264	 19.157702
15:44:08 10-4-2026	1210.205054	  0.000000	  4.669831	  0.000000	  0.120119	 -0.119821	  0.176242	  0.156558	  0.122683	  0.134585	  0.010803	  0.013184	 19.150835	 19.198901	 18.727398	 19.150835
15:44:09 10-4-2026	1206.150766	  0.000000	  4.666261	  0.000000	  0.120302	 -0.108606	  0.176738	  0.173220	  0.122683	  0.151431	  0.014282	  0.013306	 19.150835	 19.203479	 18.734264	 19.157702
15:44:10 10-4-2026	1208.174509	  0.000000	  4.665437	  0.000000	  0.119326	 -0.106012	  0.176432	  0.151614	  0.122683	  0.162417	  0.015686	  0.013306	 19.150835	 19.203479	 18.734264	 19.157702
15:44:11 10-4-2026	1210.205054	  0.000000	  4.665437	  0.000000	  0.120912	 -0.121118	  0.176547	  0.164981	  0.122683	  0.146548	  0.018738	  0.011902	 19.143969	 19.210346	 18.734264	 19.143969
15:44:12 10-4-2026	1206.150766	  0.000000	  4.664887	  0.000000	  0.122377	 -0.117342	  0.176547	  0.197086	  0.122377	  0.158450	  0.016358	  0.012818	 19.157702	 19.210346	 18.727398	 19.157702
15:44:13 10-4-2026	1208.174509	  0.000000	  4.665437	  0.000000	  0.118837	 -0.125086	  0.176051	  0.156374	  0.122377	  0.134096	  0.012024	  0.011597	 19.157702	 19.203479	 18.734264	 19.143969
15:44:14 10-4-2026	1208.174509	  0.000000	  4.665437	  0.000000	  0.119203	 -0.133516	  0.176738	  0.140810	  0.122377	  0.150820	  0.014099	  0.013611	 19.150835	 19.210346	 18.727398	 19.162280
15:44:15 10-4-2026	1206.150766	  0.000000	  4.664887	  0.000000	  0.122683	 -0.121805	  0.176738	  0.145388	  0.122377	  0.128115	  0.016968	  0.011414	 19.150835	 19.203479	 18.727398	 19.157702
15:44:16 10-4-2026	1208.174509	  0.000000	  4.665437	  0.000000	  0.116823	 -0.130846	  0.177119	  0.176394	  0.122499	  0.155276	  0.017456	  0.014405	 19.157702	 19.192035	 18.734264	 19.157702
15:44:17 10-4-2026	1206.150766	  0.000000	  4.664887	  0.000000	  0.120302	 -0.131037	  0.176432	  0.173892	  0.122499	  0.152224	  0.022889	  0.011597	 19.162280	 19.203479	 18.734264	 19.162280
15:44:18 10-4-2026	1206.150766	  0.000000	  4.665437	  0.000000	  0.122683	 -0.127184	  0.176547	  0.141115	  0.122499	  0.147463	  0.013184	  0.015869	 19.157702	 19.203479	 18.734264	 19.150835
15:44:19 10-4-2026	1263.284223	  0.000000	  4.664063	  0.000000	  0.118715	 -0.106889	  0.176318	  0.143374	  0.122194	  0.152590	  0.015686	  0.011231	 19.157702	 19.203479	 18.734264	 19.150835
15:44:20 10-4-2026	1210.205054	  0.000000	  4.660493	  0.000000	  0.121584	 -0.115358	  0.176242	  0.167971	  0.122499	  0.147768	  0.011231	  0.013184	 19.157702	 19.203479	 18.738842	 19.157702
15:44:21 10-4-2026	1208.174509	  0.000000	  4.660493	  0.000000	  0.122194	 -0.121195	  0.177043	  0.147951	  0.122194	  0.151614	  0.021912	  0.013306	 19.143969	 19.203479	 18.734264	 19.157702
15:44:22 10-4-2026	1206.150766	  0.000000	  4.661317	  0.000000	  0.122988	 -0.130236	  0.176547	  0.160647	  0.122866	  0.138552	  0.023011	  0.012207	 19.157702	 19.210346	 18.734264	 19.157702
15:44:23 10-4-2026	1208.174509	  0.000000	  4.660493	  0.000000	  0.117739	 -0.107004	  0.176738	  0.162417	  0.122499	  0.162722	  0.011719	  0.013794	 19.162280	 19.210346	 18.738842	 19.157702
15:44:24 10-4-2026	1204.133791	  0.000000	  4.660493	  0.000000	  0.121401	 -0.112573	  0.176814	  0.170535	  0.122683	  0.157351	  0.019043	  0.015076	 19.143969	 19.203479	 18.727398	 19.162280
15:44:25 10-4-2026	1208.174509	  0.000000	  4.664063	  0.000000	  0.118837	 -0.120623	  0.176738	  0.160037	  0.122377	  0.162905	  0.013489	  0.014893	 19.169146	 19.210346	 18.727398	 19.162280
15:44:26 10-4-2026	1206.150766	  0.000000	  4.664887	  0.000000	  0.120607	 -0.133326	  0.176814	  0.150210	  0.122499	  0.136660	  0.023987	  0.013184	 19.157702	 19.210346	 18.727398	 19.157702
15:44:27 10-4-2026	1210.205054	  0.000000	  4.664887	  0.000000	  0.121096	 -0.126764	  0.177119	  0.145388	  0.122683	  0.155398	  0.011109	  0.013611	 19.162280	 19.203479	 18.727398	 19.162280
15:44:28 10-4-2026	1208.174509	  0.000000	  4.665437	  0.000000	  0.119814	 -0.119402	  0.176547	  0.176883	  0.122499	  0.152895	  0.012512	  0.013184	 19.162280	 19.210346	 18.738842	 19.169146
15:44:29 10-4-2026	1206.150766	  0.000000	  4.665437	  0.000000	  0.118715	 -0.121118	  0.176432	  0.164187	  0.122866	  0.145754	  0.019532	  0.012696	 19.162280	 19.210346	 18.750286	 19.169146
15:44:30 10-4-2026	1208.174509	  0.000000	  4.665437	  0.000000	  0.120790	 -0.118029	  0.176814	  0.161135	  0.122377	  0.145388	  0.012818	  0.013794	 19.162280	 19.217212	 18.734264	 19.173724
15:44:31 10-4-2026	1210.205054	  0.000000	  4.661317	  0.000000	  0.120485	 -0.136797	  0.176623	  0.135744	  0.122683	  0.154971	  0.017639	  0.011719	 19.162280	 19.210346	 18.734264	 19.173724
15:44:32 10-4-2026	1204.133791	  0.000000	  4.660493	  0.000000	  0.119509	 -0.124781	  0.176928	  0.158145	  0.122866	  0.164675	  0.012512	  0.013611	 19.157702	 19.217212	 18.734264	 19.162280
15:44:33 10-4-2026	1208.174509	  0.000000	  4.660493	  0.000000	  0.117617	 -0.119821	  0.176432	  0.158267	  0.122866	  0.149844	  0.012818	  0.012024	 19.162280	 19.221790	 18.727398	 19.173724
15:44:34 10-4-2026	1274.463730	  0.000000	  4.660493	  0.000000	  0.120302	 -0.111162	  0.176547	  0.159731	  0.122377	  0.156558	  0.016480	  0.012696	 19.169146	 19.217212	 18.734264	 19.169146
15:44:35 10-4-2026	1208.174509	  0.000000	  4.660493	  0.000000	  0.120912	 -0.124781	  0.177119	  0.172732	  0.122683	  0.157961	  0.019226	  0.012207	 19.162280	 19.217212	 18.734264	 19.162280
15:44:36 10-4-2026	1208.174509	  0.000000	  4.660493	  0.000000	  0.120485	 -0.123407	  0.177424	  0.147951	  0.122499	  0.152590	  0.020325	  0.012696	 19.157702	 19.221790	 18.738842	 19.169146
15:44:37 10-4-2026	1208.174509	  0.000000	  4.660493	  0.000000	  0.121706	 -0.125887	  0.176432	  0.141604	  0.122866	  0.149538	  0.013977	  0.012390	 19.162280	 19.210346	 18.738842	 19.173724
15:44:38 10-4-2026	1210.205054	  0.000000	  4.660493	  0.000000	  0.120485	 -0.111086	  0.176432	  0.143801	  0.122988	  0.151308	  0.017273	  0.012818	 19.169146	 19.221790	 18.738842	 19.169146
15:44:39 10-4-2026	1206.150766	  0.000000	  4.660493	  0.000000	  0.121706	 -0.133631	  0.176814	  0.194034	  0.122499	  0.160647	  0.019043	  0.012696	 19.169146	 19.217212	 18.727398	 19.173724
15:44:40 10-4-2026	1206.150766	  0.000000	  4.659943	  0.000000	  0.124453	 -0.104334	  0.176547	  0.153811	  0.122683	  0.155398	  0.018860	  0.012818	 19.169146	 19.210346	 18.734264	 19.169146
15:44:41 10-4-2026	1206.150766	  0.000000	  4.660493	  0.000000	  0.122194	 -0.113642	  0.176127	  0.182132	  0.122866	  0.146670	  0.021118	  0.013306	 19.169146	 19.217212	 18.727398	 19.173724
15:44:42 10-4-2026	1208.174509	  0.000000	  4.660493	  0.000000	  0.118044	 -0.129854	  0.176738	  0.155581	  0.122683	  0.164797	  0.019348	  0.013306	 19.157702	 19.221790	 18.727398	 19.187457
15:44:43 10-4-2026	1208.174509	  0.000000	  4.661317	  0.000000	  0.119692	 -0.109483	  0.175746	  0.162417	  0.122866	  0.144167	  0.015381	  0.012512	 19.173724	 19.233234	 18.738842	 19.169146
15:44:44 10-4-2026	1208.174509	  0.000000	  4.664063	  0.000000	  0.117617	 -0.107500	  0.176318	  0.142580	  0.122866	  0.146059	  0.007263	  0.015686	 19.162280	 19.228656	 18.727398	 19.180591
15:44:45 10-4-2026	1206.150766	  0.000000	  4.665437	  0.000000	  0.121584	 -0.126268	  0.176814	  0.169741	  0.122499	  0.151003	  0.025696	  0.012024	 19.169146	 19.228656	 18.734264	 19.180591
15:44:46 10-4-2026	1208.174509	  0.000000	  4.664887	  0.000000	  0.120607	 -0.121309	  0.176547	  0.151308	  0.122683	  0.153811	  0.018250	  0.012696	 19.173724	 19.221790	 18.734264	 19.173724
15:44:47 10-4-2026	1210.205054	  0.000000	  4.664887	  0.000000	  0.118410	 -0.129854	  0.176127	  0.160342	  0.122499	  0.147341	  0.017273	  0.014282	 19.173724	 19.217212	 18.734264	 19.187457
15:44:48 10-4-2026	1208.174509	  0.000000	  4.664887	  0.000000	  0.120790	 -0.145266	  0.176432	  0.154788	  0.122499	  0.162600	  0.010010	  0.011902	 19.169146	 19.221790	 18.734264	 19.173724
15:44:49 10-4-2026	1274.463730	  0.000000	  4.661317	  0.000000	  0.118837	 -0.122683	  0.177119	  0.179446	  0.122683	  0.145388	  0.019043	  0.014282	 19.169146	 19.221790	 18.738842	 19.173724
15:44:50 10-4-2026	1206.150766	  0.000000	  4.660493	  0.000000	  0.120790	 -0.129435	  0.176318	  0.154971	  0.122683	  0.147463	  0.019226	  0.010925	 19.162280	 19.217212	 18.745708	 19.187457
15:44:51 10-4-2026	1206.150766	  0.000000	  4.660493	  0.000000	  0.119997	 -0.124285	  0.177234	  0.177066	  0.122683	  0.153201	  0.011902	  0.013977	 19.180591	 19.228656	 18.738842	 19.180591
15:44:52 10-4-2026	1208.174509	  0.000000	  4.660493	  0.000000	  0.117433	 -0.134813	  0.176738	  0.176089	  0.122866	  0.141604	  0.014405	  0.011902	 19.173724	 19.228656	 18.734264	 19.192035
15:44:53 10-4-2026	1206.150766	  0.000000	  4.660493	  0.000000	  0.119814	 -0.100824	  0.176928	  0.145083	  0.122866	  0.156191	  0.009339	  0.013977	 19.173724	 19.221790	 18.734264	 19.173724
15:44:54 10-4-2026	1206.150766	  0.000000	  4.660493	  0.000000	  0.120302	 -0.128862	  0.177310	  0.136172	  0.122683	  0.152895	  0.017639	  0.014405	 19.173724	 19.221790	 18.734264	 19.173724
15:44:55 10-4-2026	1208.174509	  0.000000	  4.660493	  0.000000	  0.121279	 -0.128061	  0.177310	  0.166079	  0.122866	  0.156863	  0.010803	  0.014099	 19.173724	 19.246967	 18.738842	 19.180591
15:44:56 10-4-2026	1210.205054	  0.000000	  4.660493	  0.000000	  0.122194	 -0.129435	  0.176928	  0.143008	  0.122988	  0.162417	  0.010437	  0.012390	 19.173724	 19.221790	 18.734264	 19.187457
15:44:57 10-4-2026	1208.174509	  0.000000	  4.659943	  0.000000	  0.121584	 -0.131952	  0.176623	  0.182132	  0.122866	  0.167361	  0.010315	  0.013977	 19.173724	 19.240101	 18.734264	 19.180591
15:44:58 10-4-2026	1208.174509	  0.000000	  4.660493	  0.000000	  0.119997	 -0.121118	  0.176814	  0.141726	  0.122377	  0.163394	  0.014099	  0.014099	 19.173724	 19.228656	 18.745708	 19.180591
15:44:59 10-4-2026	1208.174509	  0.000000	  4.661317	  0.000000	  0.122683	 -0.118524	  0.176814	  0.144961	  0.122683	  0.156863	  0.015259	  0.014893	 19.173724	 19.233234	 18.738842	 19.187457
15:45:00 10-4-2026	1206.150766	  0.000000	  4.660493	  0.000000	  0.120302	 -0.118334	  0.176928	  0.170535	  0.122866	  0.152895	  0.016175	  0.012512	 19.173724	 19.233234	 18.734264	 19.187457
15:45:01 10-4-2026	1208.174509	  0.000000	  4.660493	  0.000000	  0.124453	 -0.121920	  0.176318	  0.163699	  0.122866	  0.157168	  0.017945	  0.013794	 19.192035	 19.233234	 18.738842	 19.187457
