Time            	RT01 (RPM)     	RT02 (RPM)    	FT01 (m3/h)   	FT02 (m3/h)   	PT01 (bar)    	PT02 (bar)    	PT03 (bar)    	PT04 (bar)    	PT05 (bar)    	PT06 (bar)    	PT07 (bar)    	PT08 (bar)    	TT01 (C)      	TT02 (C)      	TT03 (C)      	TT04 (C)      
16:06:29 10-4-2026	1216.337850	  0.000000	  2.139916	  0.000000	  0.140505	 -0.981155	  0.185283	  0.122683	  0.131411	  0.120912	  0.011414	  0.014099	 19.949645	 20.027466	 18.812085	 19.990845
16:06:30 10-4-2026	1216.337850	  0.000000	  2.139916	  0.000000	  0.138735	 -0.980850	  0.184291	  0.144289	  0.130617	  0.103761	  0.023499	  0.010315	 19.956512	 20.038911	 18.816663	 20.002289
16:06:31 10-4-2026	1216.337850	  0.000000	  2.139916	  0.000000	  0.137331	 -0.981346	  0.185283	  0.097719	  0.132387	  0.085634	  0.011414	  0.014405	 19.949645	 20.032044	 18.823529	 19.986267
16:06:32 10-4-2026	1216.337850	  0.000000	  2.140465	  0.000000	  0.132387	 -0.981346	  0.184482	  0.095644	  0.132509	  0.120302	  0.004761	  0.016663	 19.942779	 20.032044	 18.823529	 19.986267
16:06:33 10-4-2026	1220.461029	  0.000000	  2.139916	  0.000000	  0.137453	 -0.981537	  0.185092	  0.139040	  0.131716	  0.111696	  0.019837	  0.015564	 19.949645	 20.045777	 18.816663	 19.986267
16:06:34 10-4-2026	1218.395951	  0.000000	  2.139916	  0.000000	  0.136355	 -0.981651	  0.185779	  0.130922	  0.131411	  0.114565	  0.002502	  0.017762	 19.961089	 20.050355	 18.812085	 19.979400
16:06:35 10-4-2026	1218.395951	  0.000000	  2.140465	  0.000000	  0.138552	 -0.980545	  0.185359	  0.121401	  0.131899	  0.117922	  0.013184	  0.017456	 19.956512	 20.038911	 18.812085	 19.997711
16:06:36 10-4-2026	1220.461029	  0.000000	  2.139916	  0.000000	  0.135256	 -0.980926	  0.185588	  0.095155	  0.131716	  0.091188	  0.021912	  0.017639	 19.949645	 20.038911	 18.823529	 19.990845
16:06:37 10-4-2026	1224.612257	  0.000000	  2.139916	  0.000000	  0.138430	 -0.982147	  0.185855	  0.100099	  0.131289	  0.085634	  0.019654	  0.012024	 19.956512	 20.045777	 18.823529	 19.990845
16:06:38 10-4-2026	1218.395951	  0.000000	  2.139916	  0.000000	  0.137148	 -0.981537	  0.184787	  0.140017	  0.131716	  0.112978	  0.011414	  0.014282	 19.961089	 20.045777	 18.816663	 19.986267
16:06:39 10-4-2026	1218.395951	  0.000000	  2.136345	  0.000000	  0.135256	 -0.982033	  0.184863	  0.115236	  0.131899	  0.122683	  0.020630	  0.018433	 19.949645	 20.045777	 18.816663	 19.997711
16:06:40 10-4-2026	1220.461029	  0.000000	  2.135521	  0.000000	  0.137453	 -0.981346	  0.185969	  0.123659	  0.131716	  0.102785	  0.008545	  0.016968	 19.956512	 20.045777	 18.812085	 20.002289
16:06:41 10-4-2026	1216.337850	  0.000000	  2.135521	  0.000000	  0.137331	 -0.980926	  0.185092	  0.108827	  0.132204	  0.079774	  0.019532	  0.012390	 19.961089	 20.032044	 18.816663	 19.997711
16:06:42 10-4-2026	1222.533119	  0.000000	  2.136345	  0.000000	  0.139712	 -0.981460	  0.185283	  0.096925	  0.132082	  0.099489	  0.018738	  0.016846	 19.961089	 20.050355	 18.816663	 19.990845
16:06:43 10-4-2026	1218.395951	  0.000000	  2.139092	  0.000000	  0.137942	 -0.981651	  0.185473	  0.121096	  0.131899	  0.109804	  0.015564	  0.016968	 19.961089	 20.038911	 18.816663	 19.990845
16:06:44 10-4-2026	1335.940644	  0.000000	  2.139916	  0.000000	  0.137453	 -0.981346	  0.186160	  0.082338	  0.132082	  0.103944	  0.017151	  0.015381	 19.956512	 20.038911	 18.823529	 19.997711
16:06:45 10-4-2026	1216.337850	  0.000000	  2.139916	  0.000000	  0.137331	 -0.981651	  0.186465	  0.100282	  0.131716	  0.099184	  0.018738	  0.012024	 19.949645	 20.038911	 18.816663	 20.002289
16:06:46 10-4-2026	1220.461029	  0.000000	  2.139916	  0.000000	  0.139345	 -0.980659	  0.186656	  0.143984	  0.132082	  0.103761	  0.022217	  0.014893	 19.949645	 20.038911	 18.823529	 19.997711
16:06:47 10-4-2026	1220.461029	  0.000000	  2.139916	  0.000000	  0.137758	 -0.982834	  0.186770	  0.124086	  0.131899	  0.091066	  0.028565	  0.015381	 19.949645	 20.050355	 18.823529	 19.997711
16:06:48 10-4-2026	1216.337850	  0.000000	  2.139916	  0.000000	  0.139345	 -0.981460	  0.184977	  0.111391	  0.132204	  0.110780	  0.017639	  0.016175	 19.956512	 20.045777	 18.823529	 19.990845
16:06:49 10-4-2026	1220.461029	  0.000000	  2.140465	  0.000000	  0.138247	 -0.981842	  0.185168	  0.135378	  0.131716	  0.109987	  0.023011	  0.017456	 19.961089	 20.045777	 18.816663	 20.002289
16:06:50 10-4-2026	1218.395951	  0.000000	  2.140465	  0.000000	  0.138552	 -0.981537	  0.187076	  0.106935	  0.131594	  0.120119	  0.020813	  0.015869	 19.956512	 20.038911	 18.816663	 19.990845
16:06:51 10-4-2026	1220.461029	  0.000000	  2.139916	  0.000000	  0.139040	 -0.981155	  0.185779	  0.101198	  0.131289	  0.120790	  0.005554	  0.013184	 19.956512	 20.050355	 18.816663	 19.997711
16:06:52 10-4-2026	1216.337850	  0.000000	  2.140465	  0.000000	  0.136660	 -0.980430	  0.184596	  0.136355	  0.132204	  0.133303	  0.019654	  0.013977	 19.961089	 20.045777	 18.846418	 20.009155
16:06:53 10-4-2026	1216.337850	  0.000000	  2.140465	  0.000000	  0.138735	 -0.982147	  0.185664	  0.096132	  0.131594	  0.128908	  0.011597	  0.016480	 19.961089	 20.057221	 18.828107	 20.002289
16:06:54 10-4-2026	1309.221831	  0.000000	  2.139916	  0.000000	  0.139712	 -0.982147	  0.185855	  0.082948	  0.131899	  0.111879	  0.024903	  0.013977	 19.961089	 20.038911	 18.828107	 20.002289
16:06:55 10-4-2026	1218.395951	  0.000000	  2.139916	  0.000000	  0.139712	 -0.981041	  0.185588	  0.123964	  0.131289	  0.108217	  0.009827	  0.015869	 19.961089	 20.045777	 18.823529	 20.002289
16:06:56 10-4-2026	1218.395951	  0.000000	  2.139916	  0.000000	  0.139040	 -0.981346	  0.184863	  0.121401	  0.131716	  0.122377	  0.007263	  0.015381	 19.967956	 20.050355	 18.816663	 19.997711
16:06:57 10-4-2026	1216.337850	  0.000000	  2.140465	  0.000000	  0.139834	 -0.981727	  0.186351	  0.089479	  0.131594	  0.081849	  0.027771	  0.019043	 19.961089	 20.045777	 18.834974	 19.997711
16:06:58 10-4-2026	1220.461029	  0.000000	  2.139916	  0.000000	  0.138552	 -0.980926	  0.185168	  0.085512	  0.131716	  0.087892	  0.022217	  0.018433	 19.961089	 20.045777	 18.823529	 20.002289
16:06:59 10-4-2026	1218.395951	  0.000000	  2.139916	  0.000000	  0.133974	 -0.981956	  0.185092	  0.107424	  0.131716	  0.116945	  0.020935	  0.015259	 19.961089	 20.050355	 18.823529	 20.002289
16:07:00 10-4-2026	1218.395951	  0.000000	  2.139916	  0.000000	  0.139345	 -0.982033	  0.186770	  0.128115	  0.132509	  0.122866	  0.010437	  0.015076	 19.967956	 20.045777	 18.812085	 19.990845
16:07:01 10-4-2026	1216.337850	  0.000000	  2.139916	  0.000000	  0.140932	 -0.981346	  0.185359	  0.124880	  0.132387	  0.132692	  0.005859	  0.017456	 19.967956	 20.045777	 18.823529	 20.002289
16:07:02 10-4-2026	1214.286690	  0.000000	  2.140465	  0.000000	  0.137148	 -0.981651	  0.184863	  0.102663	  0.132387	  0.081849	  0.012512	  0.015564	 19.972534	 20.050355	 18.823529	 20.016022
16:07:03 10-4-2026	1216.337850	  0.000000	  2.139916	  0.000000	  0.139712	 -0.981346	  0.185473	  0.115053	  0.132692	  0.099184	  0.024475	  0.012390	 19.967956	 20.045777	 18.823529	 20.002289
16:07:04 10-4-2026	1290.451626	  0.000000	  2.139916	  0.000000	  0.138735	 -0.981956	  0.186770	  0.094728	  0.132204	  0.102663	  0.000916	  0.019532	 19.961089	 20.045777	 18.823529	 20.002289
16:07:05 10-4-2026	1220.461029	  0.000000	  2.144036	  0.000000	  0.138735	 -0.982147	  0.185779	  0.104250	  0.131594	  0.088319	  0.014893	  0.020325	 19.967956	 20.050355	 18.823529	 20.009155
16:07:06 10-4-2026	1218.395951	  0.000000	  2.144860	  0.000000	  0.137942	 -0.981842	  0.185588	  0.102174	  0.132204	  0.112184	  0.012207	  0.017639	 19.972534	 20.050355	 18.823529	 19.997711
16:07:07 10-4-2026	1220.461029	  0.000000	  2.144860	  0.000000	  0.137148	 -0.980850	  0.185779	  0.108522	  0.131716	  0.123171	  0.018738	  0.018067	 19.961089	 20.050355	 18.823529	 19.990845
16:07:08 10-4-2026	1218.395951	  0.000000	  2.144036	  0.000000	  0.137942	 -0.981727	  0.185779	  0.100282	  0.131411	  0.136538	  0.007752	  0.016052	 19.961089	 20.057221	 18.816663	 20.002289
16:07:09 10-4-2026	1218.395951	  0.000000	  2.144036	  0.000000	  0.142397	 -0.981231	  0.184863	  0.119997	  0.132387	  0.109316	  0.023194	  0.016175	 19.967956	 20.061799	 18.823529	 20.009155
16:07:10 10-4-2026	1220.461029	  0.000000	  2.140465	  0.000000	  0.140505	 -0.981155	  0.186084	  0.100099	  0.132204	  0.107240	  0.004089	  0.017456	 19.979400	 20.045777	 18.812085	 20.002289
16:07:11 10-4-2026	1218.395951	  0.000000	  2.140465	  0.000000	  0.136660	 -0.980850	  0.186084	  0.104250	  0.132509	  0.101381	  0.015381	  0.015869	 19.967956	 20.050355	 18.828107	 20.002289
16:07:12 10-4-2026	1216.337850	  0.000000	  2.139916	  0.000000	  0.141421	 -0.981346	  0.185664	  0.123781	  0.132387	  0.112367	  0.016358	  0.017273	 19.961089	 20.050355	 18.823529	 20.016022
16:07:13 10-4-2026	1218.395951	  0.000000	  2.139916	  0.000000	  0.139528	 -0.982452	  0.184863	  0.073548	  0.131594	  0.119326	  0.012390	  0.016846	 19.967956	 20.057221	 18.823529	 20.009155
16:07:14 10-4-2026	1274.463730	  0.000000	  2.136345	  0.000000	  0.134463	 -0.981727	  0.185168	  0.102968	  0.131594	  0.140322	  0.022034	  0.019226	 19.967956	 20.050355	 18.828107	 20.002289
16:07:15 10-4-2026	1218.395951	  0.000000	  2.136345	  0.000000	  0.136843	 -0.982223	  0.185779	  0.111879	  0.131899	  0.104555	  0.030945	  0.017273	 19.972534	 20.045777	 18.823529	 20.009155
16:07:16 10-4-2026	1216.337850	  0.000000	  2.135521	  0.000000	  0.139528	 -0.981041	  0.184787	  0.127443	  0.131716	  0.117922	  0.011719	  0.019837	 19.956512	 20.057221	 18.828107	 20.002289
16:07:17 10-4-2026	1218.395951	  0.000000	  2.135521	  0.000000	  0.138735	 -0.978676	  0.185359	  0.156069	  0.132204	  0.097230	  0.013977	  0.017639	 19.972534	 20.050355	 18.816663	 20.002289
16:07:18 10-4-2026	1216.337850	  0.000000	  2.135521	  0.000000	  0.140627	 -0.981460	  0.185168	  0.115846	  0.131716	  0.112490	  0.012024	  0.016968	 19.972534	 20.057221	 18.834974	 20.016022
16:07:19 10-4-2026	1216.337850	  0.000000	  2.135521	  0.000000	  0.137758	 -0.982147	  0.186160	  0.128908	  0.132509	  0.124269	  0.009033	  0.016480	 19.972534	 20.045777	 18.828107	 20.009155
16:07:20 10-4-2026	1218.395951	  0.000000	  2.139092	  0.000000	  0.139712	 -0.982033	  0.187266	  0.105837	  0.132082	  0.094545	  0.021424	  0.018433	 19.967956	 20.057221	 18.823529	 20.016022
16:07:21 10-4-2026	1216.337850	  0.000000	  2.140465	  0.000000	  0.139223	 -0.981460	  0.186961	  0.110780	  0.131716	  0.102358	  0.020325	  0.017945	 19.961089	 20.050355	 18.828107	 20.016022
16:07:22 10-4-2026	1216.337850	  0.000000	  2.139916	  0.000000	  0.137331	 -0.981231	  0.184863	  0.112856	  0.132082	  0.111391	  0.013306	  0.015259	 19.972534	 20.057221	 18.823529	 20.009155
16:07:23 10-4-2026	1218.395951	  0.000000	  2.139916	  0.000000	  0.140505	 -0.982033	  0.185283	  0.141299	  0.132082	  0.133181	  0.011719	  0.015686	 19.972534	 20.057221	 18.823529	 20.009155
16:07:24 10-4-2026	1250.125013	  0.000000	  2.139916	  0.000000	  0.139528	 -0.982223	  0.185473	  0.115358	  0.132204	  0.120119	  0.017151	  0.017273	 19.972534	 20.050355	 18.816663	 20.016022
16:07:25 10-4-2026	1220.461029	  0.000000	  2.139916	  0.000000	  0.140322	 -0.982223	  0.185359	  0.097719	  0.131716	  0.083131	  0.016358	  0.014405	 19.967956	 20.061799	 18.823529	 20.016022
16:07:26 10-4-2026	1216.337850	  0.000000	  2.140465	  0.000000	  0.136965	 -0.981956	  0.185359	  0.075135	  0.132204	  0.113771	  0.022034	  0.016480	 19.972534	 20.050355	 18.823529	 20.016022
16:07:27 10-4-2026	1216.337850	  0.000000	  2.139916	  0.000000	  0.138247	 -0.982033	  0.186160	  0.091981	  0.131411	  0.116152	  0.021118	  0.018738	 19.967956	 20.057221	 18.816663	 20.002289
16:07:28 10-4-2026	1220.461029	  0.000000	  2.140465	  0.000000	  0.137758	 -0.981727	  0.185779	  0.107912	  0.131289	  0.107424	  0.023194	  0.018555	 19.972534	 20.057221	 18.823529	 20.016022
16:07:29 10-4-2026	1218.395951	  0.000000	  2.139916	  0.000000	  0.137942	 -0.982033	  0.187152	  0.118837	  0.132387	  0.128542	  0.023499	  0.013489	 19.979400	 20.057221	 18.823529	 20.016022
16:07:30 10-4-2026	1218.395951	  0.000000	  2.140465	  0.000000	  0.136172	 -0.981460	  0.186656	  0.118227	  0.131594	  0.126467	  0.014099	  0.017456	 19.972534	 20.061799	 18.823529	 20.009155
16:07:31 10-4-2026	1218.395951	  0.000000	  2.144036	  0.000000	  0.139223	 -0.980354	  0.185092	  0.087221	  0.132204	  0.099489	  0.009644	  0.020020	 19.972534	 20.057221	 18.828107	 20.016022
16:07:32 10-4-2026	1218.395951	  0.000000	  2.144036	  0.000000	  0.137453	 -0.982033	  0.186084	  0.141299	  0.132692	  0.137758	  0.017945	  0.019348	 19.972534	 20.057221	 18.828107	 20.016022
16:07:33 10-4-2026	1218.395951	  0.000000	  2.147607	  0.000000	  0.140932	 -0.982147	  0.186275	  0.104250	  0.132204	  0.127443	  0.014588	  0.017151	 19.979400	 20.057221	 18.816663	 20.016022
16:07:34 10-4-2026	1233.000012	  0.000000	  2.149255	  0.000000	  0.139345	 -0.981956	  0.186961	  0.111208	  0.132204	  0.103151	  0.025086	  0.018250	 19.967956	 20.057221	 18.816663	 20.016022
16:07:35 10-4-2026	1216.337850	  0.000000	  2.149255	  0.000000	  0.139528	 -0.981346	  0.186084	  0.105837	  0.131899	  0.150210	  0.016175	  0.017762	 19.986267	 20.057221	 18.823529	 20.009155
16:07:36 10-4-2026	1220.461029	  0.000000	  2.145684	  0.000000	  0.138735	 -0.981155	  0.185779	  0.112490	  0.132204	  0.122683	  0.026673	  0.017456	 19.972534	 20.057221	 18.816663	 20.016022
16:07:37 10-4-2026	1218.395951	  0.000000	  2.144036	  0.000000	  0.137453	 -0.981041	  0.186770	  0.106447	  0.132204	  0.113649	  0.020447	  0.015564	 19.961089	 20.061799	 18.823529	 20.016022
16:07:38 10-4-2026	1216.337850	  0.000000	  2.140465	  0.000000	  0.141726	 -0.980240	  0.187381	  0.121401	  0.132082	  0.087892	  0.009216	  0.019837	 19.979400	 20.057221	 18.828107	 20.016022
16:07:39 10-4-2026	1218.395951	  0.000000	  2.139916	  0.000000	  0.138247	 -0.981537	  0.185969	  0.111391	  0.132509	  0.104067	  0.022034	  0.019532	 19.986267	 20.061799	 18.816663	 20.016022
16:07:40 10-4-2026	1218.395951	  0.000000	  2.139916	  0.000000	  0.139223	 -0.981231	  0.186580	  0.113466	  0.132082	  0.103456	  0.020447	  0.016052	 19.979400	 20.061799	 18.816663	 20.002289
16:07:41 10-4-2026	1222.533119	  0.000000	  2.136345	  0.000000	  0.140017	 -0.981231	  0.186847	  0.059571	  0.131716	  0.129519	  0.020935	  0.017945	 19.972534	 20.057221	 18.823529	 20.016022
16:07:42 10-4-2026	1218.395951	  0.000000	  2.135521	  0.000000	  0.138125	 -0.981346	  0.185664	  0.099306	  0.132204	  0.132998	  0.011902	  0.018067	 19.979400	 20.061799	 18.823529	 20.016022
16:07:43 10-4-2026	1216.337850	  0.000000	  2.135521	  0.000000	  0.136538	 -0.981537	  0.185855	  0.107424	  0.132204	  0.124086	  0.019348	  0.014771	 19.979400	 20.068666	 18.823529	 20.027466
16:07:44 10-4-2026	1218.395951	  0.000000	  2.135521	  0.000000	  0.140932	 -0.981956	  0.185359	  0.067994	  0.131716	  0.118410	  0.016663	  0.018860	 19.967956	 20.061799	 18.823529	 20.020600
16:07:45 10-4-2026	1218.395951	  0.000000	  2.131951	  0.000000	  0.138247	 -0.981651	  0.186160	  0.093751	  0.132082	  0.102480	  0.017762	  0.015381	 19.997711	 20.061799	 18.828107	 20.020600
16:07:46 10-4-2026	1218.395951	  0.000000	  2.130577	  0.000000	  0.136172	 -0.982033	  0.186160	  0.119692	  0.132387	  0.110597	  0.027161	  0.016175	 19.979400	 20.068666	 18.823529	 20.020600
16:07:47 10-4-2026	1218.395951	  0.000000	  2.130577	  0.000000	  0.139834	 -0.981727	  0.185969	  0.115236	  0.132387	  0.096620	  0.007752	  0.019226	 19.997711	 20.061799	 18.816663	 20.020600
16:07:48 10-4-2026	1216.337850	  0.000000	  2.131401	  0.000000	  0.139528	 -0.981155	  0.186275	  0.110780	  0.131899	  0.119020	  0.023987	  0.016846	 19.972534	 20.057221	 18.823529	 20.032044
16:07:49 10-4-2026	1220.461029	  0.000000	  2.130577	  0.000000	  0.140627	 -0.981727	  0.185473	  0.120302	  0.132082	  0.121706	  0.020447	  0.018250	 19.986267	 20.057221	 18.828107	 20.020600
16:07:50 10-4-2026	1216.337850	  0.000000	  2.131401	  0.000000	  0.137636	 -0.982147	  0.185664	  0.107424	  0.132204	  0.141421	  0.016052	  0.018433	 19.986267	 20.057221	 18.834974	 20.027466
16:07:51 10-4-2026	1331.001862	  0.000000	  2.131401	  0.000000	  0.138735	 -0.980430	  0.186770	  0.125368	  0.132692	  0.099001	  0.015869	  0.014405	 19.990845	 20.050355	 18.823529	 20.020600
16:07:52 10-4-2026	1218.395951	  0.000000	  2.130577	  0.000000	  0.137758	 -0.981651	  0.185664	  0.117922	  0.132387	  0.109621	  0.024475	  0.015686	 19.979400	 20.068666	 18.823529	 20.020600
16:07:53 10-4-2026	1218.395951	  0.000000	  2.129753	  0.000000	  0.139223	 -0.982033	  0.185588	  0.122072	  0.132509	  0.099306	  0.017639	  0.017151	 19.986267	 20.061799	 18.823529	 20.020600
16:07:54 10-4-2026	1218.395951	  0.000000	  2.130577	  0.000000	  0.139040	 -0.981956	  0.186656	  0.092470	  0.132387	  0.117128	  0.008728	  0.018067	 19.979400	 20.061799	 18.828107	 20.027466
16:07:55 10-4-2026	1222.533119	  0.000000	  2.134972	  0.000000	  0.136965	 -0.980430	  0.186084	  0.143008	  0.132082	  0.095949	  0.009522	  0.018250	 19.986267	 20.068666	 18.828107	 20.016022
16:07:56 10-4-2026	1218.395951	  0.000000	  2.135521	  0.000000	  0.135073	 -0.982223	  0.185283	  0.102785	  0.131899	  0.115541	  0.020325	  0.019348	 19.979400	 20.075532	 18.816663	 20.027466
16:07:57 10-4-2026	1220.461029	  0.000000	  2.135521	  0.000000	  0.135866	 -0.982147	  0.186961	  0.129213	  0.131411	  0.109194	  0.018555	  0.018433	 19.979400	 20.068666	 18.812085	 20.020600
16:07:58 10-4-2026	1220.461029	  0.000000	  2.139916	  0.000000	  0.138430	 -0.980354	  0.186770	  0.107118	  0.132692	  0.085328	  0.024109	  0.015686	 19.986267	 20.068666	 18.828107	 20.020600
16:07:59 10-4-2026	1218.395951	  0.000000	  2.139916	  0.000000	  0.138430	 -0.981651	  0.185855	  0.121889	  0.132204	  0.099611	  0.019532	  0.018067	 19.990845	 20.068666	 18.828107	 20.027466
16:08:00 10-4-2026	1216.337850	  0.000000	  2.139916	  0.000000	  0.139223	 -0.981537	  0.185588	  0.131899	  0.132509	  0.140810	  0.014282	  0.017945	 19.986267	 20.075532	 18.823529	 20.020600
16:08:01 10-4-2026	1309.221831	  0.000000	  2.139916	  0.000000	  0.136538	 -0.981651	  0.186275	  0.130495	  0.132692	  0.106142	  0.013489	  0.020447	 19.990845	 20.068666	 18.828107	 20.020600
16:08:02 10-4-2026	1214.286690	  0.000000	  2.139916	  0.000000	  0.139040	 -0.981155	  0.186275	  0.093446	  0.132509	  0.120607	  0.024475	  0.016052	 19.986267	 20.068666	 18.834974	 20.027466
16:08:03 10-4-2026	1220.461029	  0.000000	  2.139916	  0.000000	  0.141299	 -0.981956	  0.186160	  0.096742	  0.132204	  0.117250	  0.016358	  0.016175	 19.990845	 20.068666	 18.823529	 20.020600
16:08:04 10-4-2026	1220.461029	  0.000000	  2.139916	  0.000000	  0.139040	 -0.981842	  0.187152	  0.129519	  0.132509	  0.111879	  0.018067	  0.016480	 19.986267	 20.075532	 18.841840	 20.027466
16:08:05 10-4-2026	1218.395951	  0.000000	  2.140465	  0.000000	  0.140017	 -0.981231	  0.184977	  0.114076	  0.132509	  0.119203	  0.023011	  0.018738	 19.986267	 20.068666	 18.823529	 20.027466
16:08:06 10-4-2026	1216.337850	  0.000000	  2.139916	  0.000000	  0.139345	 -0.982643	  0.185588	  0.122866	  0.132509	  0.120119	  0.010437	  0.018433	 19.990845	 20.075532	 18.823529	 20.027466
16:08:07 10-4-2026	1218.395951	  0.000000	  2.140465	  0.000000	  0.137758	 -0.982033	  0.186656	  0.068971	  0.132204	  0.120302	  0.022217	  0.014588	 19.986267	 20.075532	 18.834974	 20.020600
16:08:08 10-4-2026	1216.337850	  0.000000	  2.140465	  0.000000	  0.141604	 -0.981460	  0.186580	  0.109499	  0.132204	  0.086610	  0.016846	  0.011719	 19.986267	 20.075532	 18.828107	 20.020600
16:08:09 10-4-2026	1216.337850	  0.000000	  2.139916	  0.000000	  0.138552	 -0.981727	  0.185855	  0.107240	  0.132204	  0.098390	  0.014405	  0.016663	 19.986267	 20.075532	 18.841840	 20.027466
16:08:10 10-4-2026	1218.395951	  0.000000	  2.140465	  0.000000	  0.137148	 -0.980735	  0.186275	  0.108400	  0.132509	  0.103761	  0.020142	  0.016846	 19.990845	 20.068666	 18.823529	 20.032044
16:08:11 10-4-2026	1285.842870	  0.000000	  2.139916	  0.000000	  0.141421	 -0.981041	  0.185473	  0.120485	  0.132387	  0.090394	  0.024903	  0.016052	 19.979400	 20.075532	 18.828107	 20.020600
16:08:12 10-4-2026	1220.461029	  0.000000	  2.140465	  0.000000	  0.137942	 -0.978065	  0.187381	  0.124453	  0.132509	  0.110292	  0.019837	  0.016663	 19.979400	 20.075532	 18.823529	 20.020600
16:08:13 10-4-2026	1216.337850	  0.000000	  2.139916	  0.000000	  0.139345	 -0.980545	  0.186465	  0.112978	  0.132387	  0.123781	  0.017945	  0.014893	 19.990845	 20.075532	 18.828107	 20.027466
16:08:14 10-4-2026	1216.337850	  0.000000	  2.139916	  0.000000	  0.137636	 -0.980049	  0.186084	  0.098817	  0.132387	  0.098695	  0.024475	  0.015381	 19.990845	 20.080110	 18.816663	 20.027466
16:08:15 10-4-2026	1218.395951	  0.000000	  2.139916	  0.000000	  0.139040	 -0.981346	  0.188067	  0.112673	  0.132692	  0.106020	  0.020325	  0.016052	 19.997711	 20.075532	 18.823529	 20.032044
16:08:16 10-4-2026	1218.395951	  0.000000	  2.140465	  0.000000	  0.137331	 -0.979248	  0.185664	  0.117433	  0.133181	  0.092164	  0.014771	  0.015686	 19.990845	 20.080110	 18.823529	 20.032044
16:08:17 10-4-2026	1216.337850	  0.000000	  2.140465	  0.000000	  0.140322	 -0.981842	  0.185969	  0.107424	  0.132509	  0.090883	  0.016480	  0.014282	 19.990845	 20.075532	 18.823529	 20.027466
16:08:18 10-4-2026	1216.337850	  0.000000	  2.136345	  0.000000	  0.136843	 -0.981537	  0.185779	  0.099489	  0.132692	  0.114260	  0.012696	  0.017945	 19.997711	 20.080110	 18.823529	 20.027466
16:08:19 10-4-2026	1216.337850	  0.000000	  2.134972	  0.000000	  0.138125	 -0.981537	  0.185473	  0.136660	  0.132692	  0.124453	  0.021912	  0.015686	 20.002289	 20.068666	 18.823529	 20.027466
16:08:20 10-4-2026	1218.395951	  0.000000	  2.134972	  0.000000	  0.137942	 -0.980735	  0.186961	  0.147158	  0.132876	  0.122499	  0.021912	  0.014405	 19.990845	 20.086976	 18.828107	 20.032044
16:08:21 10-4-2026	1274.463730	  0.000000	  2.135521	  0.000000	  0.136172	 -0.981956	  0.186961	  0.066590	  0.132387	  0.118227	  0.013611	  0.016358	 19.997711	 20.080110	 18.823529	 20.038911
16:08:22 10-4-2026	1216.337850	  0.000000	  2.134972	  0.000000	  0.138918	 -0.980850	  0.186351	  0.114748	  0.132387	  0.113466	  0.023011	  0.015381	 19.986267	 20.080110	 18.823529	 20.032044
16:08:23 10-4-2026	1222.533119	  0.000000	  2.135521	  0.000000	  0.142092	 -0.980735	  0.186580	  0.102174	  0.132509	  0.114443	  0.019654	  0.019226	 19.990845	 20.080110	 18.828107	 20.045777
16:08:24 10-4-2026	1216.337850	  0.000000	  2.135521	  0.000000	  0.135866	 -0.981231	  0.186770	  0.105837	  0.132387	  0.103944	  0.012207	  0.016968	 19.997711	 20.086976	 18.828107	 20.032044
16:08:25 10-4-2026	1218.395951	  0.000000	  2.134972	  0.000000	  0.136660	 -0.981231	  0.186961	  0.107424	  0.132876	  0.122683	  0.017639	  0.017273	 19.990845	 20.086976	 18.823529	 20.020600
16:08:26 10-4-2026	1218.395951	  0.000000	  2.131401	  0.000000	  0.139223	 -0.980659	  0.186275	  0.134768	  0.133181	  0.092470	  0.016480	  0.011231	 20.002289	 20.080110	 18.834974	 20.045777
16:08:27 10-4-2026	1220.461029	  0.000000	  2.127007	  0.000000	  0.141909	 -0.980735	  0.187076	  0.085023	  0.132204	  0.089784	  0.021607	  0.013611	 20.002289	 20.080110	 18.828107	 20.038911
16:08:28 10-4-2026	1218.395951	  0.000000	  2.103386	  0.000000	  0.140627	 -0.980163	  0.187076	  0.077211	  0.132876	  0.085145	  0.006653	  0.013794	 19.990845	 20.086976	 18.828107	 20.032044
16:08:29 10-4-2026	1216.337850	  0.000000	  2.079765	  0.000000	  0.141909	 -0.979438	  0.186656	  0.109499	  0.132876	  0.112673	  0.016968	  0.011902	 19.990845	 20.080110	 18.828107	 20.038911
16:08:30 10-4-2026	1220.461029	  0.000000	  2.046256	  0.000000	  0.140627	 -0.979248	  0.186770	  0.092164	  0.132509	  0.085939	  0.012024	  0.013184	 20.002289	 20.080110	 18.834974	 20.038911
16:08:31 10-4-2026	1218.395951	  0.000000	  1.991049	  0.000000	  0.139834	 -0.979858	  0.188563	  0.117250	  0.132692	  0.095155	  0.007752	  0.012696	 20.002289	 20.080110	 18.828107	 20.038911
16:08:32 10-4-2026	1220.461029	  0.000000	  1.935293	  0.000000	  0.140932	 -0.978752	  0.186160	  0.069886	  0.133181	  0.137636	  0.008423	  0.009339	 20.002289	 20.086976	 18.828107	 20.027466
16:08:33 10-4-2026	1222.533119	  0.000000	  1.871022	  0.000000	  0.141909	 -0.978561	  0.187572	  0.095644	  0.133303	  0.092775	  0.014405	  0.008423	 19.997711	 20.075532	 18.828107	 20.038911
16:08:34 10-4-2026	1220.461029	  0.000000	  1.810046	  0.000000	  0.140139	 -0.977760	  0.185473	  0.107607	  0.132387	  0.102663	  0.011597	  0.011231	 19.990845	 20.075532	 18.828107	 20.020600
16:08:35 10-4-2026	1224.612257	  0.000000	  1.735064	  0.000000	  0.139223	 -0.977760	  0.187457	  0.094240	  0.132509	  0.101564	  0.010010	  0.010132	 20.002289	 20.091554	 18.823529	 20.038911
16:08:36 10-4-2026	1230.892320	  0.000000	  1.680680	  0.000000	  0.139712	 -0.976883	  0.187572	  0.096620	  0.132876	  0.112490	  0.011109	  0.010010	 20.009155	 20.086976	 18.823529	 20.032044
16:08:37 10-4-2026	1222.533119	  0.000000	  1.628495	  0.000000	  0.141299	 -0.977264	  0.186656	  0.087404	  0.132692	  0.086732	  0.006775	  0.010803	 19.997711	 20.086976	 18.823529	 20.032044
16:08:38 10-4-2026	1224.612257	  0.000000	  1.574661	  0.000000	  0.141604	 -0.977684	  0.187762	  0.105348	  0.132876	  0.082155	  0.008423	  0.015381	 20.002289	 20.086976	 18.823529	 20.038911
16:08:39 10-4-2026	1222.533119	  0.000000	  1.533187	  0.000000	  0.141421	 -0.978866	  0.186465	  0.083131	  0.133181	  0.092775	  0.009827	  0.011414	 20.002289	 20.091554	 18.828107	 20.045777
16:08:40 10-4-2026	1222.533119	  0.000000	  1.479078	  0.000000	  0.141726	 -0.979744	  0.186656	  0.092348	  0.132998	  0.103273	  0.003601	  0.016663	 20.002289	 20.086976	 18.834974	 20.038911
16:08:41 10-4-2026	1220.461029	  0.000000	  1.443098	  0.000000	  0.141604	 -0.979362	  0.187457	  0.112001	  0.133181	  0.106813	  0.011597	  0.008850	 20.002289	 20.098421	 18.823529	 20.032044
16:08:42 10-4-2026	1222.533119	  0.000000	  1.408215	  0.000000	  0.140810	 -0.979362	  0.186847	  0.100282	  0.132509	  0.088197	  0.009339	  0.013184	 20.002289	 20.091554	 18.834974	 20.032044
16:08:43 10-4-2026	1222.533119	  0.000000	  1.365917	  0.000000	  0.140810	 -0.978370	  0.185473	  0.099794	  0.132998	  0.086610	  0.002380	  0.014588	 19.997711	 20.098421	 18.816663	 20.038911
16:08:44 10-4-2026	1224.612257	  0.000000	  1.344494	  0.000000	  0.140932	 -0.977569	  0.186084	  0.108400	  0.132998	  0.091676	  0.007446	  0.018738	 20.002289	 20.091554	 18.823529	 20.038911
16:08:45 10-4-2026	1222.533119	  0.000000	  1.318126	  0.000000	  0.141421	 -0.977379	  0.187381	  0.105837	  0.132692	  0.074647	  0.008728	  0.014405	 20.002289	 20.086976	 18.834974	 20.045777
16:08:46 10-4-2026	1222.533119	  0.000000	  1.306590	  0.000000	  0.140932	 -0.977264	  0.187457	  0.119203	  0.133181	  0.091859	  0.010132	  0.014282	 20.009155	 20.086976	 18.828107	 20.045777
16:08:47 10-4-2026	1335.940644	  0.000000	  1.295878	  0.000000	  0.140017	 -0.976081	  0.187076	  0.071351	  0.132692	  0.103151	  0.012512	  0.008057	 20.002289	 20.091554	 18.823529	 20.045777
16:08:48 10-4-2026	1224.612257	  0.000000	  1.290935	  0.000000	  0.142092	 -0.974784	  0.185588	  0.099611	  0.133791	  0.108522	  0.012024	  0.009216	 20.016022	 20.086976	 18.834974	 20.045777
16:08:49 10-4-2026	1222.533119	  0.000000	  1.285716	  0.000000	  0.140322	 -0.977379	  0.186770	  0.122866	  0.133669	  0.079591	  0.006958	  0.015381	 20.002289	 20.086976	 18.823529	 20.050355
16:08:50 10-4-2026	1222.533119	  0.000000	  1.285167	  0.000000	  0.140810	 -0.977264	  0.187381	  0.100099	  0.132204	  0.097719	  0.007935	  0.012024	 20.009155	 20.086976	 18.828107	 20.045777
16:08:51 10-4-2026	1222.533119	  0.000000	  1.280772	  0.000000	  0.141299	 -0.977951	  0.187762	  0.059876	  0.133181	  0.139712	  0.009339	  0.012390	 20.009155	 20.098421	 18.828107	 20.050355
16:08:52 10-4-2026	1220.461029	  0.000000	  1.277201	  0.000000	  0.141726	 -0.979667	  0.187152	  0.093751	  0.133486	  0.096315	  0.006775	  0.011231	 20.009155	 20.105287	 18.823529	 20.045777
16:08:53 10-4-2026	1222.533119	  0.000000	  1.271434	  0.000000	  0.139528	 -0.979858	  0.186275	  0.096620	  0.132876	  0.095155	  0.015259	  0.010315	 20.002289	 20.098421	 18.823529	 20.038911
16:08:54 10-4-2026	1220.461029	  0.000000	  1.263743	  0.000000	  0.142397	 -0.980049	  0.188144	  0.076417	  0.132692	  0.073426	  0.005066	  0.015564	 20.009155	 20.098421	 18.834974	 20.057221
16:08:55 10-4-2026	1340.916215	  0.000000	  1.258524	  0.000000	  0.142214	 -0.979934	  0.186351	  0.111086	  0.133181	  0.066224	  0.008850	  0.010315	 20.002289	 20.105287	 18.816663	 20.050355
16:08:56 10-4-2026	1224.612257	  0.000000	  1.248637	  0.000000	  0.142885	 -0.979744	  0.185359	  0.118837	  0.132876	  0.108705	  0.013001	  0.005982	 20.016022	 20.091554	 18.828107	 20.050355
16:08:57 10-4-2026	1220.461029	  0.000000	  1.240671	  0.000000	  0.141909	 -0.978561	  0.187457	  0.077394	  0.132204	  0.091676	  0.010315	  0.011597	 20.009155	 20.109865	 18.828107	 20.050355
16:08:58 10-4-2026	1222.533119	  0.000000	  1.239298	  0.000000	  0.142580	 -0.978065	  0.186351	  0.114748	  0.132509	  0.084535	  0.011231	  0.013001	 20.016022	 20.105287	 18.823529	 20.045777
16:08:59 10-4-2026	1222.533119	  0.000000	  1.234354	  0.000000	  0.140505	 -0.977760	  0.187152	  0.093751	  0.133181	  0.117433	  0.012207	  0.010315	 20.009155	 20.105287	 18.828107	 20.050355
16:09:00 10-4-2026	1222.533119	  0.000000	  1.229959	  0.000000	  0.141421	 -0.977455	  0.188373	  0.113466	  0.133181	  0.084535	  0.014282	  0.010803	 20.009155	 20.109865	 18.834974	 20.057221
16:09:01 10-4-2026	1224.612257	  0.000000	  1.226389	  0.000000	  0.140810	 -0.977684	  0.186847	  0.070863	  0.132692	  0.096742	  0.010437	  0.013184	 20.016022	 20.105287	 18.834974	 20.038911
16:09:02 10-4-2026	1226.698479	  0.000000	  1.225016	  0.000000	  0.141299	 -0.978676	  0.187457	  0.139223	  0.132387	  0.113466	  0.011902	  0.009522	 20.016022	 20.098421	 18.828107	 20.057221
16:09:03 10-4-2026	1222.533119	  0.000000	  1.225016	  0.000000	  0.140932	 -0.979248	  0.187266	  0.064637	  0.132692	  0.088808	  0.009827	  0.013611	 20.020600	 20.109865	 18.828107	 20.050355
16:09:04 10-4-2026	1228.791821	  0.000000	  1.225016	  0.000000	  0.140932	 -0.980163	  0.185779	  0.090761	  0.132387	  0.084535	  0.005982	  0.016358	 20.009155	 20.105287	 18.834974	 20.050355
16:09:05 10-4-2026	1218.395951	  0.000000	  1.225016	  0.000000	  0.142214	 -0.979438	  0.185779	  0.122866	  0.133181	  0.090089	  0.005066	  0.014099	 20.020600	 20.105287	 18.841840	 20.057221
16:09:06 10-4-2026	1222.533119	  0.000000	  1.220621	  0.000000	  0.140627	 -0.979248	  0.184482	  0.100587	  0.132998	  0.077516	  0.010620	  0.011414	 20.009155	 20.105287	 18.841840	 20.061799
16:09:07 10-4-2026	1222.533119	  0.000000	  1.216501	  0.000000	  0.140627	 -0.978943	  0.187457	  0.077882	  0.133181	  0.095827	  0.007752	  0.011109	 20.032044	 20.109865	 18.834974	 20.061799
16:09:08 10-4-2026	1222.533119	  0.000000	  1.212106	  0.000000	  0.140017	 -0.977684	  0.188144	  0.082765	  0.132692	  0.086427	  0.007446	  0.012696	 20.020600	 20.109865	 18.828107	 20.068666
16:09:09 10-4-2026	1224.612257	  0.000000	  1.207712	  0.000000	  0.142397	 -0.977073	  0.186351	  0.102785	  0.133181	  0.070253	  0.011719	  0.010132	 20.009155	 20.121309	 18.828107	 20.057221
16:09:10 10-4-2026	1226.698479	  0.000000	  1.206339	  0.000000	  0.139712	 -0.978065	  0.188563	  0.100282	  0.132509	  0.093568	  0.009522	  0.011231	 20.016022	 20.109865	 18.834974	 20.061799
16:09:11 10-4-2026	1220.461029	  0.000000	  1.202219	  0.000000	  0.141726	 -0.979057	  0.187648	  0.073854	  0.132876	  0.075624	  0.007752	  0.015076	 20.009155	 20.109865	 18.823529	 20.061799
16:09:12 10-4-2026	1224.612257	  0.000000	  1.197824	  0.000000	  0.140139	 -0.979667	  0.185779	  0.090089	  0.133181	  0.066224	  0.009644	  0.012512	 20.009155	 20.105287	 18.828107	 20.061799
16:09:13 10-4-2026	1220.461029	  0.000000	  1.194253	  0.000000	  0.140322	 -0.979858	  0.187648	  0.121279	  0.132692	  0.094240	  0.009339	  0.012696	 20.020600	 20.109865	 18.823529	 20.061799
16:09:14 10-4-2026	1226.698479	  0.000000	  1.188485	  0.000000	  0.140810	 -0.980163	  0.185969	  0.093263	  0.132876	  0.105531	  0.011109	  0.009339	 20.020600	 20.098421	 18.828107	 20.061799
16:09:15 10-4-2026	1224.612257	  0.000000	  1.188485	  0.000000	  0.141726	 -0.980049	  0.185359	  0.090761	  0.133303	  0.116335	  0.014099	  0.006470	 20.016022	 20.109865	 18.823529	 20.061799
16:09:16 10-4-2026	1245.799320	  0.000000	  1.188485	  0.000000	  0.142092	 -0.979438	  0.186847	  0.106935	  0.132509	  0.105043	  0.009339	  0.010803	 20.020600	 20.109865	 18.834974	 20.068666
16:09:17 10-4-2026	1224.612257	  0.000000	  1.187936	  0.000000	  0.140810	 -0.979362	  0.185359	  0.088014	  0.133303	  0.085512	  0.006775	  0.015869	 20.027466	 20.116732	 18.828107	 20.061799
16:09:18 10-4-2026	1222.533119	  0.000000	  1.188485	  0.000000	  0.140932	 -0.979362	  0.186351	  0.073854	  0.133181	  0.078676	  0.007752	  0.014099	 20.020600	 20.116732	 18.834974	 20.075532
16:09:19 10-4-2026	1220.461029	  0.000000	  1.188485	  0.000000	  0.142092	 -0.979362	  0.187381	  0.139223	  0.133181	  0.075013	  0.016846	  0.009216	 20.009155	 20.128176	 18.828107	 20.080110
16:09:20 10-4-2026	1220.461029	  0.000000	  1.187936	  0.000000	  0.141115	 -0.979667	  0.185359	  0.042420	  0.132998	  0.079286	  0.012207	  0.007752	 20.020600	 20.121309	 18.828107	 20.068666
16:09:21 10-4-2026	1222.533119	  0.000000	  1.188485	  0.000000	  0.142214	 -0.979438	  0.187572	  0.096437	  0.132998	  0.072938	  0.010620	  0.016358	 20.009155	 20.116732	 18.828107	 20.080110
16:09:22 10-4-2026	1224.612257	  0.000000	  1.187936	  0.000000	  0.142214	 -0.978943	  0.186275	  0.085817	  0.132692	  0.073060	  0.011231	  0.007141	 20.020600	 20.121309	 18.828107	 20.068666
16:09:23 10-4-2026	1222.533119	  0.000000	  1.187936	  0.000000	  0.142214	 -0.978447	  0.186656	  0.098207	  0.132509	  0.111086	  0.009216	  0.011109	 20.020600	 20.128176	 18.834974	 20.091554
16:09:24 10-4-2026	1292.768415	  0.000000	  1.187936	  0.000000	  0.141115	 -0.977569	  0.187572	  0.066896	  0.132876	  0.074525	  0.005859	  0.011109	 20.016022	 20.121309	 18.828107	 20.075532
16:09:25 10-4-2026	1224.612257	  0.000000	  1.188485	  0.000000	  0.142092	 -0.977379	  0.186465	  0.163699	  0.132876	  0.057008	  0.009827	  0.012696	 20.020600	 20.128176	 18.828107	 20.075532
16:09:26 10-4-2026	1224.612257	  0.000000	  1.188485	  0.000000	  0.138918	 -0.977455	  0.185779	  0.118410	  0.133181	  0.135378	  0.013306	  0.006470	 20.027466	 20.128176	 18.841840	 20.068666
16:09:27 10-4-2026	1222.533119	  0.000000	  1.188485	  0.000000	  0.140932	 -0.978676	  0.186770	  0.082765	  0.132998	  0.093751	  0.013977	  0.006775	 20.027466	 20.121309	 18.828107	 20.080110
16:09:28 10-4-2026	1224.612257	  0.000000	  1.187936	  0.000000	  0.140810	 -0.979667	  0.186160	  0.083742	  0.132876	  0.112184	  0.011414	  0.005554	 20.027466	 20.116732	 18.828107	 20.080110
16:09:29 10-4-2026	1224.612257	  0.000000	  1.188485	  0.000000	  0.143008	 -0.979744	  0.186580	  0.088685	  0.133181	  0.071351	  0.003174	  0.013977	 20.027466	 20.128176	 18.828107	 20.068666
16:09:30 10-4-2026	1222.533119	  0.000000	  1.187936	  0.000000	  0.142885	 -0.980049	  0.186770	  0.091371	  0.132692	  0.091981	  0.005066	  0.016846	 20.020600	 20.121309	 18.834974	 20.080110
