Time            	RT01 (RPM)     	RT02 (RPM)    	FT01 (m3/h)   	FT02 (m3/h)   	PT01 (bar)    	PT02 (bar)    	PT03 (bar)    	PT04 (bar)    	PT05 (bar)    	PT06 (bar)    	PT07 (bar)    	PT08 (bar)    	TT01 (C)      	TT02 (C)      	TT03 (C)      	TT04 (C)      
16:10:41 10-4-2026	1220.461029	  0.000000	  1.187936	  0.000000	  0.142397	 -0.980545	  0.188144	  0.106813	  0.133181	  0.072450	  0.010437	  0.007935	 20.061799	 20.164797	 18.834974	 20.121309
16:10:42 10-4-2026	1222.533119	  0.000000	  1.188485	  0.000000	  0.141299	 -0.979667	  0.186160	  0.114748	  0.132998	  0.095521	  0.010925	  0.012512	 20.061799	 20.169375	 18.846418	 20.121309
16:10:43 10-4-2026	1261.071816	  0.000000	  1.187936	  0.000000	  0.144472	 -0.979057	  0.187572	  0.073426	  0.133303	  0.090761	  0.005676	  0.012390	 20.068666	 20.164797	 18.841840	 20.128176
16:10:44 10-4-2026	1222.533119	  0.000000	  1.187936	  0.000000	  0.143374	 -0.979057	  0.186275	  0.133669	  0.133303	  0.104860	  0.007935	  0.011231	 20.045777	 20.176242	 18.841840	 20.128176
16:10:45 10-4-2026	1224.612257	  0.000000	  1.188485	  0.000000	  0.142702	 -0.978752	  0.185779	  0.097108	  0.133974	  0.115846	  0.012818	  0.009339	 20.061799	 20.176242	 18.841840	 20.121309
16:10:46 10-4-2026	1222.533119	  0.000000	  1.188485	  0.000000	  0.142092	 -0.978676	  0.186770	  0.070558	  0.133303	  0.077882	  0.010315	  0.012390	 20.061799	 20.187686	 18.834974	 20.121309
16:10:47 10-4-2026	1224.612257	  0.000000	  1.188485	  0.000000	  0.141299	 -0.977455	  0.187953	  0.080385	  0.133669	  0.101991	  0.010620	  0.012390	 20.061799	 20.176242	 18.841840	 20.121309
16:10:48 10-4-2026	1222.533119	  0.000000	  1.187936	  0.000000	  0.143984	 -0.977455	  0.188563	  0.107912	  0.133669	  0.122072	  0.007752	  0.012390	 20.075532	 20.169375	 18.834974	 20.135042
16:10:49 10-4-2026	1222.533119	  0.000000	  1.188485	  0.000000	  0.141299	 -0.978065	  0.187381	  0.071046	  0.133303	  0.110780	  0.009522	  0.009522	 20.068666	 20.176242	 18.834974	 20.128176
16:10:50 10-4-2026	1220.461029	  0.000000	  1.187936	  0.000000	  0.141299	 -0.978065	  0.187381	  0.118410	  0.133974	  0.112856	  0.010437	  0.012207	 20.061799	 20.180819	 18.834974	 20.116732
16:10:51 10-4-2026	1311.606570	  0.000000	  1.188485	  0.000000	  0.140627	 -0.977874	  0.188067	  0.115663	  0.133974	  0.085634	  0.009644	  0.011109	 20.061799	 20.180819	 18.834974	 20.128176
16:10:52 10-4-2026	1222.533119	  0.000000	  1.188485	  0.000000	  0.140627	 -0.978447	  0.187572	  0.091371	  0.133669	  0.090394	  0.012390	  0.010620	 20.057221	 20.169375	 18.841840	 20.128176
16:10:53 10-4-2026	1222.533119	  0.000000	  1.187936	  0.000000	  0.141726	 -0.979438	  0.187572	  0.130617	  0.133669	  0.107912	  0.011231	  0.012696	 20.061799	 20.180819	 18.841840	 20.139620
16:10:54 10-4-2026	1224.612257	  0.000000	  1.187936	  0.000000	  0.142092	 -0.980163	  0.187381	  0.117128	  0.133181	  0.077089	  0.013794	  0.013306	 20.075532	 20.169375	 18.834974	 20.128176
16:10:55 10-4-2026	1226.698479	  0.000000	  1.187936	  0.000000	  0.143374	 -0.980163	  0.188640	  0.089784	  0.132998	  0.088991	  0.007752	  0.008240	 20.061799	 20.176242	 18.841840	 20.139620
16:10:56 10-4-2026	1222.533119	  0.000000	  1.187936	  0.000000	  0.144289	 -0.978180	  0.187076	  0.085328	  0.133974	  0.065431	  0.012207	  0.010315	 20.057221	 20.176242	 18.841840	 20.128176
16:10:57 10-4-2026	1222.533119	  0.000000	  1.187936	  0.000000	  0.140810	 -0.979057	  0.187572	  0.082460	  0.133486	  0.115541	  0.010803	  0.013001	 20.061799	 20.169375	 18.828107	 20.128176
16:10:58 10-4-2026	1216.337850	  0.000000	  1.187936	  0.000000	  0.142214	 -0.978180	  0.187877	  0.085939	  0.134096	  0.112673	  0.010437	  0.008423	 20.057221	 20.176242	 18.841840	 20.128176
16:10:59 10-4-2026	1220.461029	  0.000000	  1.187112	  0.000000	  0.144472	 -0.978676	  0.186961	  0.107607	  0.133181	  0.074647	  0.009033	  0.011719	 20.061799	 20.180819	 18.834974	 20.128176
16:11:00 10-4-2026	1222.533119	  0.000000	  1.187936	  0.000000	  0.141604	 -0.979744	  0.186770	  0.068666	  0.133486	  0.133669	  0.010315	  0.008728	 20.068666	 20.180819	 18.834974	 20.121309
16:11:01 10-4-2026	1226.698479	  0.000000	  1.188485	  0.000000	  0.142397	 -0.979057	  0.187457	  0.112856	  0.133486	  0.085023	  0.010132	  0.010315	 20.061799	 20.176242	 18.853285	 20.135042
16:11:02 10-4-2026	1222.533119	  0.000000	  1.191507	  0.000000	  0.140017	 -0.978676	  0.187877	  0.088319	  0.133303	  0.106447	  0.009522	  0.010132	 20.061799	 20.180819	 18.834974	 20.135042
16:11:03 10-4-2026	1220.461029	  0.000000	  1.189309	  0.000000	  0.141726	 -0.978256	  0.186961	  0.103456	  0.134096	  0.131899	  0.011719	  0.010010	 20.068666	 20.176242	 18.834974	 20.121309
16:11:04 10-4-2026	1228.791821	  0.000000	  1.187936	  0.000000	  0.141604	 -0.979057	  0.186275	  0.069093	  0.133791	  0.069886	  0.008057	  0.013611	 20.061799	 20.180819	 18.828107	 20.139620
16:11:05 10-4-2026	1222.533119	  0.000000	  1.187936	  0.000000	  0.141421	 -0.978866	  0.186847	  0.071962	  0.133974	  0.112367	  0.013306	  0.008850	 20.061799	 20.180819	 18.834974	 20.139620
16:11:06 10-4-2026	1224.612257	  0.000000	  1.187936	  0.000000	  0.143801	 -0.979362	  0.187457	  0.104250	  0.133486	  0.067384	  0.007263	  0.014099	 20.068666	 20.176242	 18.841840	 20.128176
16:11:07 10-4-2026	1224.612257	  0.000000	  1.187936	  0.000000	  0.140932	 -0.979171	  0.188563	  0.099489	  0.133181	  0.072938	  0.012207	  0.010010	 20.061799	 20.176242	 18.834974	 20.135042
16:11:08 10-4-2026	1222.533119	  0.000000	  1.188485	  0.000000	  0.142214	 -0.978370	  0.187953	  0.084047	  0.132998	  0.101869	  0.010925	  0.010132	 20.061799	 20.176242	 18.828107	 20.135042
16:11:09 10-4-2026	1224.612257	  0.000000	  1.187936	  0.000000	  0.140810	 -0.978370	  0.188754	  0.102358	  0.133669	  0.083253	  0.011414	  0.009216	 20.091554	 20.187686	 18.834974	 20.135042
16:11:10 10-4-2026	1224.612257	  0.000000	  1.188485	  0.000000	  0.141604	 -0.978256	  0.188067	  0.062745	  0.133974	  0.094057	  0.010315	  0.012512	 20.061799	 20.180819	 18.841840	 20.139620
16:11:11 10-4-2026	1224.612257	  0.000000	  1.187936	  0.000000	  0.142214	 -0.978866	  0.188945	  0.059083	  0.132998	  0.119020	  0.011902	  0.010803	 20.080110	 20.187686	 18.834974	 20.135042
16:11:12 10-4-2026	1272.212027	  0.000000	  1.188485	  0.000000	  0.141909	 -0.979858	  0.188640	  0.098817	  0.133303	  0.074830	  0.009339	  0.014588	 20.075532	 20.194553	 18.841840	 20.128176
16:11:13 10-4-2026	1220.461029	  0.000000	  1.188485	  0.000000	  0.143008	 -0.979057	  0.187877	  0.121706	  0.133303	  0.090272	  0.010437	  0.013611	 20.068666	 20.187686	 18.834974	 20.135042
16:11:14 10-4-2026	1222.533119	  0.000000	  1.187936	  0.000000	  0.140810	 -0.978943	  0.187266	  0.132692	  0.133791	  0.098512	  0.006775	  0.012207	 20.068666	 20.187686	 18.834974	 20.135042
16:11:15 10-4-2026	1224.612257	  0.000000	  1.187936	  0.000000	  0.141604	 -0.978866	  0.187648	  0.061341	  0.133791	  0.096620	  0.006958	  0.012512	 20.068666	 20.194553	 18.841840	 20.121309
16:11:16 10-4-2026	1220.461029	  0.000000	  1.187936	  0.000000	  0.141421	 -0.978943	  0.187572	  0.112490	  0.133303	  0.120912	  0.009644	  0.012024	 20.061799	 20.187686	 18.834974	 20.135042
16:11:17 10-4-2026	1224.612257	  0.000000	  1.187936	  0.000000	  0.142214	 -0.979171	  0.189136	  0.112184	  0.133486	  0.090394	  0.011902	  0.013306	 20.061799	 20.187686	 18.828107	 20.139620
16:11:18 10-4-2026	1220.461029	  0.000000	  1.188485	  0.000000	  0.140932	 -0.979248	  0.188067	  0.135073	  0.133974	  0.120607	  0.010132	  0.011597	 20.061799	 20.205997	 18.841840	 20.139620
16:11:19 10-4-2026	1220.461029	  0.000000	  1.187936	  0.000000	  0.141604	 -0.978866	  0.188869	  0.083131	  0.133486	  0.060243	  0.011231	  0.013306	 20.075532	 20.180819	 18.834974	 20.135042
16:11:20 10-4-2026	1326.099461	  0.000000	  1.187936	  0.000000	  0.140932	 -0.979362	  0.188640	  0.089784	  0.134279	  0.081361	  0.013184	  0.010132	 20.061799	 20.194553	 18.841840	 20.146487
16:11:21 10-4-2026	1222.533119	  0.000000	  1.187936	  0.000000	  0.140017	 -0.978065	  0.187877	  0.085817	  0.133486	  0.105348	  0.009339	  0.012512	 20.075532	 20.187686	 18.834974	 20.139620
16:11:22 10-4-2026	1222.533119	  0.000000	  1.187936	  0.000000	  0.139834	 -0.978561	  0.188258	  0.102174	  0.133486	  0.088319	  0.010010	  0.008728	 20.075532	 20.187686	 18.834974	 20.139620
16:11:23 10-4-2026	1222.533119	  0.000000	  1.187936	  0.000000	  0.143008	 -0.978561	  0.188258	  0.090089	  0.133669	  0.099977	  0.007935	  0.012390	 20.075532	 20.187686	 18.841840	 20.139620
16:11:24 10-4-2026	1226.698479	  0.000000	  1.187936	  0.000000	  0.142397	 -0.978752	  0.185969	  0.070863	  0.133791	  0.097414	  0.012512	  0.011231	 20.068666	 20.199130	 18.834974	 20.139620
16:11:25 10-4-2026	1220.461029	  0.000000	  1.187936	  0.000000	  0.141421	 -0.978866	  0.189937	  0.078004	  0.133669	  0.093935	  0.007752	  0.014588	 20.068666	 20.194553	 18.841840	 20.146487
16:11:26 10-4-2026	1222.533119	  0.000000	  1.187936	  0.000000	  0.140505	 -0.978676	  0.187266	  0.087404	  0.133486	  0.078492	  0.010803	  0.010620	 20.075532	 20.187686	 18.834974	 20.135042
16:11:27 10-4-2026	1226.698479	  0.000000	  1.184366	  0.000000	  0.141604	 -0.978561	  0.186847	  0.120790	  0.134096	  0.096132	  0.010620	  0.010620	 20.068666	 20.199130	 18.834974	 20.157931
16:11:28 10-4-2026	1224.612257	  0.000000	  1.183542	  0.000000	  0.142580	 -0.978676	  0.187572	  0.116152	  0.133974	  0.088319	  0.005066	  0.012512	 20.068666	 20.180819	 18.834974	 20.139620
16:11:29 10-4-2026	1222.533119	  0.000000	  1.182718	  0.000000	  0.141115	 -0.978752	  0.187457	  0.091676	  0.133669	  0.076722	  0.008545	  0.012390	 20.075532	 20.187686	 18.834974	 20.139620
16:11:30 10-4-2026	1226.698479	  0.000000	  1.187112	  0.000000	  0.142580	 -0.978676	  0.185664	  0.138735	  0.134279	  0.110903	  0.013306	  0.012207	 20.075532	 20.187686	 18.857862	 20.146487
16:11:31 10-4-2026	1220.461029	  0.000000	  1.187936	  0.000000	  0.140932	 -0.978256	  0.187762	  0.147158	  0.133791	  0.078492	  0.009033	  0.010132	 20.068666	 20.194553	 18.841840	 20.135042
16:11:32 10-4-2026	1222.533119	  0.000000	  1.188485	  0.000000	  0.142397	 -0.978370	  0.187457	  0.091066	  0.133974	  0.113954	  0.006775	  0.013977	 20.075532	 20.194553	 18.841840	 20.151064
16:11:33 10-4-2026	1228.791821	  0.000000	  1.188485	  0.000000	  0.141604	 -0.979057	  0.187953	  0.136843	  0.133791	  0.078309	  0.011231	  0.013001	 20.075532	 20.187686	 18.834974	 20.146487
16:11:34 10-4-2026	1224.612257	  0.000000	  1.187936	  0.000000	  0.140322	 -0.978676	  0.188945	  0.107118	  0.133791	  0.092958	  0.010620	  0.010132	 20.068666	 20.194553	 18.841840	 20.146487
16:11:35 10-4-2026	1222.533119	  0.000000	  1.187936	  0.000000	  0.142580	 -0.978370	  0.188258	  0.118837	  0.133791	  0.132692	  0.011902	  0.006775	 20.075532	 20.194553	 18.853285	 20.139620
16:11:36 10-4-2026	1218.395951	  0.000000	  1.187936	  0.000000	  0.141115	 -0.978866	  0.188869	  0.109499	  0.133974	  0.097902	  0.008240	  0.014099	 20.075532	 20.205997	 18.834974	 20.139620
16:11:37 10-4-2026	1220.461029	  0.000000	  1.187936	  0.000000	  0.141726	 -0.978866	  0.187762	  0.084718	  0.133181	  0.113649	  0.007935	  0.011109	 20.075532	 20.199130	 18.834974	 20.146487
16:11:38 10-4-2026	1222.533119	  0.000000	  1.187936	  0.000000	  0.143679	 -0.978676	  0.188754	  0.131289	  0.133791	  0.078309	  0.009033	  0.012207	 20.080110	 20.187686	 18.828107	 20.139620
16:11:39 10-4-2026	1218.395951	  0.000000	  1.187936	  0.000000	  0.140810	 -0.978752	  0.186160	  0.082948	  0.133791	  0.124880	  0.013489	  0.008423	 20.075532	 20.194553	 18.834974	 20.139620
16:11:40 10-4-2026	1222.533119	  0.000000	  1.187936	  0.000000	  0.139712	 -0.978561	  0.188144	  0.078004	  0.134096	  0.114260	  0.009339	  0.011109	 20.075532	 20.199130	 18.816663	 20.139620
16:11:41 10-4-2026	1276.723417	  0.000000	  1.188485	  0.000000	  0.140627	 -0.978866	  0.188563	  0.100099	  0.134096	  0.059754	  0.009033	  0.012024	 20.080110	 20.194553	 18.841840	 20.139620
16:11:42 10-4-2026	1222.533119	  0.000000	  1.187936	  0.000000	  0.143679	 -0.978256	  0.186465	  0.064820	  0.134096	  0.100771	  0.009033	  0.013001	 20.075532	 20.194553	 18.834974	 20.139620
16:11:43 10-4-2026	1220.461029	  0.000000	  1.187936	  0.000000	  0.141604	 -0.978752	  0.186770	  0.101686	  0.133791	  0.085939	  0.012696	  0.007263	 20.080110	 20.194553	 18.846418	 20.139620
16:11:44 10-4-2026	1222.533119	  0.000000	  1.187112	  0.000000	  0.140627	 -0.979057	  0.188945	  0.080385	  0.133974	  0.047974	  0.007141	  0.009216	 20.080110	 20.205997	 18.841840	 20.146487
16:11:45 10-4-2026	1222.533119	  0.000000	  1.188485	  0.000000	  0.140810	 -0.979171	  0.188449	  0.125063	  0.133974	  0.086305	  0.008423	  0.011231	 20.080110	 20.199130	 18.841840	 20.146487
16:11:46 10-4-2026	1224.612257	  0.000000	  1.188485	  0.000000	  0.143191	 -0.978370	  0.187381	  0.118044	  0.133486	  0.101564	  0.012818	  0.008057	 20.080110	 20.199130	 18.841840	 20.139620
16:11:47 10-4-2026	1220.461029	  0.000000	  1.187936	  0.000000	  0.139528	 -0.977760	  0.186465	  0.112001	  0.133974	  0.093263	  0.010010	  0.008423	 20.080110	 20.199130	 18.841840	 20.139620
16:11:48 10-4-2026	1220.461029	  0.000000	  1.187936	  0.000000	  0.141421	 -0.978447	  0.188563	  0.093446	  0.134279	  0.135378	  0.010803	  0.009339	 20.086976	 20.205997	 18.834974	 20.139620
16:11:49 10-4-2026	1328.546139	  0.000000	  1.187936	  0.000000	  0.141299	 -0.979057	  0.189136	  0.093446	  0.133669	  0.065919	  0.012512	  0.011902	 20.080110	 20.199130	 18.846418	 20.146487
16:11:50 10-4-2026	1224.612257	  0.000000	  1.187936	  0.000000	  0.141421	 -0.979057	  0.186961	  0.075929	  0.133791	  0.114748	  0.014771	  0.007446	 20.091554	 20.199130	 18.846418	 20.139620
16:11:51 10-4-2026	1224.612257	  0.000000	  1.187936	  0.000000	  0.142397	 -0.977874	  0.188144	  0.105226	  0.133974	  0.088685	  0.012696	  0.010803	 20.091554	 20.199130	 18.834974	 20.146487
16:11:52 10-4-2026	1222.533119	  0.000000	  1.187936	  0.000000	  0.140932	 -0.978676	  0.186770	  0.100587	  0.133791	  0.080079	  0.009216	  0.012512	 20.080110	 20.199130	 18.841840	 20.146487
16:11:53 10-4-2026	1222.533119	  0.000000	  1.188485	  0.000000	  0.142214	 -0.978370	  0.187266	  0.066407	  0.133791	  0.081178	  0.009216	  0.011414	 20.091554	 20.199130	 18.846418	 20.146487
16:11:54 10-4-2026	1224.612257	  0.000000	  1.187936	  0.000000	  0.142702	 -0.979057	  0.189136	  0.097719	  0.134279	  0.092775	  0.011597	  0.011231	 20.080110	 20.199130	 18.834974	 20.146487
16:11:55 10-4-2026	1222.533119	  0.000000	  1.187936	  0.000000	  0.141115	 -0.978676	  0.189364	  0.102358	  0.133974	  0.082948	  0.009522	  0.009827	 20.091554	 20.199130	 18.841840	 20.146487
16:11:56 10-4-2026	1226.698479	  0.000000	  1.187936	  0.000000	  0.141115	 -0.978370	  0.187381	  0.093751	  0.134279	  0.111086	  0.012818	  0.011231	 20.091554	 20.199130	 18.834974	 20.151064
16:11:57 10-4-2026	1222.533119	  0.000000	  1.187936	  0.000000	  0.140932	 -0.978676	  0.189631	  0.118227	  0.134279	  0.095521	  0.010315	  0.009033	 20.086976	 20.199130	 18.846418	 20.151064
16:11:58 10-4-2026	1224.612257	  0.000000	  1.187936	  0.000000	  0.140505	 -0.979248	  0.186847	  0.139223	  0.134279	  0.102358	  0.008545	  0.012207	 20.086976	 20.205997	 18.853285	 20.146487
16:11:59 10-4-2026	1228.791821	  0.000000	  1.188485	  0.000000	  0.141909	 -0.978866	  0.190929	  0.130495	  0.133669	  0.082643	  0.011902	  0.010803	 20.091554	 20.205997	 18.841840	 20.157931
16:12:00 10-4-2026	1222.533119	  0.000000	  1.187936	  0.000000	  0.141115	 -0.978180	  0.187381	  0.039551	  0.133974	  0.075807	  0.010620	  0.010315	 20.080110	 20.205997	 18.841840	 20.157931
16:12:01 10-4-2026	1226.698479	  0.000000	  1.187936	  0.000000	  0.142702	 -0.978256	  0.185855	  0.089479	  0.134096	  0.116640	  0.010132	  0.013001	 20.091554	 20.199130	 18.841840	 20.164797
16:12:02 10-4-2026	1241.503461	  0.000000	  1.187936	  0.000000	  0.141909	 -0.978866	  0.189746	  0.127443	  0.133974	  0.084840	  0.010803	  0.012207	 20.086976	 20.205997	 18.834974	 20.146487
16:12:03 10-4-2026	1220.461029	  0.000000	  1.187936	  0.000000	  0.142885	 -0.978866	  0.186961	  0.121706	  0.133791	  0.097414	  0.008240	  0.014099	 20.086976	 20.205997	 18.846418	 20.157931
16:12:04 10-4-2026	1222.533119	  0.000000	  1.187936	  0.000000	  0.140627	 -0.978676	  0.186770	  0.123781	  0.134279	  0.107240	  0.009033	  0.012390	 20.091554	 20.199130	 18.834974	 20.151064
16:12:05 10-4-2026	1222.533119	  0.000000	  1.187936	  0.000000	  0.142397	 -0.978561	  0.188640	  0.076600	  0.133791	  0.068971	  0.012818	  0.012512	 20.098421	 20.205997	 18.841840	 20.157931
16:12:06 10-4-2026	1222.533119	  0.000000	  1.188485	  0.000000	  0.141299	 -0.979362	  0.186961	  0.078676	  0.133791	  0.089967	  0.008728	  0.009827	 20.091554	 20.217441	 18.841840	 20.139620
16:12:07 10-4-2026	1220.461029	  0.000000	  1.187936	  0.000000	  0.142580	 -0.979667	  0.188144	  0.103578	  0.134279	  0.106630	  0.006348	  0.013184	 20.091554	 20.217441	 18.834974	 20.151064
16:12:08 10-4-2026	1226.698479	  0.000000	  1.188485	  0.000000	  0.141604	 -0.979248	  0.188640	  0.109010	  0.133974	  0.098207	  0.010620	  0.011902	 20.091554	 20.212863	 18.841840	 20.151064
16:12:09 10-4-2026	1220.461029	  0.000000	  1.187936	  0.000000	  0.142092	 -0.979057	  0.187762	  0.130617	  0.134463	  0.144289	  0.007630	  0.009216	 20.086976	 20.212863	 18.841840	 20.146487
16:12:10 10-4-2026	1288.143126	  0.000000	  1.187936	  0.000000	  0.141726	 -0.979057	  0.188640	  0.088014	  0.133974	  0.069886	  0.009033	  0.010620	 20.091554	 20.212863	 18.834974	 20.157931
16:12:11 10-4-2026	1224.612257	  0.000000	  1.187936	  0.000000	  0.141299	 -0.978943	  0.187076	  0.097230	  0.134279	  0.095155	  0.010132	  0.008728	 20.098421	 20.212863	 18.841840	 20.146487
16:12:12 10-4-2026	1222.533119	  0.000000	  1.187936	  0.000000	  0.142580	 -0.978943	  0.189059	  0.098024	  0.134279	  0.100404	  0.011414	  0.010620	 20.091554	 20.217441	 18.834974	 20.157931
16:12:13 10-4-2026	1224.612257	  0.000000	  1.187936	  0.000000	  0.141726	 -0.979057	  0.187762	  0.109621	  0.134463	  0.096315	  0.010010	  0.010620	 20.091554	 20.212863	 18.834974	 20.151064
16:12:14 10-4-2026	1220.461029	  0.000000	  1.187936	  0.000000	  0.142397	 -0.979171	  0.188563	  0.087709	  0.134279	  0.105531	  0.008850	  0.013794	 20.105287	 20.212863	 18.834974	 20.151064
