Time            	RT01 (RPM)     	RT02 (RPM)    	FT01 (m3/h)   	FT02 (m3/h)   	PT01 (bar)    	PT02 (bar)    	PT03 (bar)    	PT04 (bar)    	PT05 (bar)    	PT06 (bar)    	PT07 (bar)    	PT08 (bar)    	TT01 (C)      	TT02 (C)      	TT03 (C)      	TT04 (C) 
14:42:12 10-4-2026	713.649165	  0.000000	  2.089103	  0.000000	  0.137453	 -0.159457	  0.154765	  0.101564	  0.101198	  0.100404	  0.010315	  0.010925	 18.374914	 18.388647	 18.493935	 18.345159
14:42:13 10-4-2026	715.066541	  0.000000	  2.087730	  0.000000	  0.138735	 -0.157282	  0.155184	  0.109316	  0.100893	  0.104372	  0.010803	  0.010315	 18.370336	 18.381781	 18.507668	 18.345159
14:42:14 10-4-2026	715.066541	  0.000000	  2.088279	  0.000000	  0.138125	 -0.167315	  0.155375	  0.099611	  0.100893	  0.102480	  0.010010	  0.011109	 18.370336	 18.381781	 18.500801	 18.345159
14:42:15 10-4-2026	714.357150	  0.000000	  2.092674	  0.000000	  0.138918	 -0.152018	  0.155261	  0.104250	  0.100771	  0.101381	  0.010315	  0.010925	 18.374914	 18.388647	 18.500801	 18.345159
14:42:16 10-4-2026	715.066541	  0.000000	  2.093498	  0.000000	  0.137942	 -0.161822	  0.155184	  0.109987	  0.100893	  0.104738	  0.008728	  0.011109	 18.370336	 18.388647	 18.507668	 18.352026
14:42:17 10-4-2026	715.777343	  0.000000	  2.093498	  0.000000	  0.137331	 -0.161631	  0.155184	  0.099794	  0.101076	  0.099184	  0.010803	  0.009216	 18.374914	 18.381781	 18.507668	 18.345159
14:42:18 10-4-2026	714.357150	  0.000000	  2.093498	  0.000000	  0.137148	 -0.166323	  0.155680	  0.101991	  0.101076	  0.102358	  0.009522	  0.010803	 18.374914	 18.393225	 18.493935	 18.352026
14:42:19 10-4-2026	714.357150	  0.000000	  2.093498	  0.000000	  0.137148	 -0.155985	  0.154765	  0.104860	  0.101076	  0.106325	  0.011719	  0.009827	 18.374914	 18.393225	 18.507668	 18.345159
14:42:20 10-4-2026	796.539831	  0.000000	  2.093498	  0.000000	  0.137331	 -0.154574	  0.154994	  0.105531	  0.101198	  0.103273	  0.010010	  0.010620	 18.374914	 18.388647	 18.493935	 18.340581
14:42:21 10-4-2026	724.418518	  0.000000	  2.093498	  0.000000	  0.137758	 -0.148508	  0.155261	  0.097414	  0.100771	  0.103273	  0.011597	  0.010315	 18.381781	 18.388647	 18.500801	 18.352026
14:42:22 10-4-2026	715.066541	  0.000000	  2.092674	  0.000000	  0.137636	 -0.170672	  0.155489	  0.099306	  0.100771	  0.099306	  0.011231	  0.010437	 18.381781	 18.388647	 18.500801	 18.345159
14:42:23 10-4-2026	715.777343	  0.000000	  2.089103	  0.000000	  0.137942	 -0.160449	  0.155184	  0.107912	  0.101076	  0.104860	  0.009644	  0.010010	 18.370336	 18.393225	 18.507668	 18.352026
14:42:24 10-4-2026	715.066541	  0.000000	  2.088279	  0.000000	  0.137942	 -0.150530	  0.154574	  0.107424	  0.101198	  0.101991	  0.009827	  0.010437	 18.381781	 18.381781	 18.500801	 18.352026
14:42:25 10-4-2026	713.649165	  0.000000	  2.088279	  0.000000	  0.137942	 -0.158961	  0.154688	  0.105531	  0.101076	  0.101198	  0.009033	  0.010437	 18.374914	 18.381781	 18.507668	 18.345159
14:42:26 10-4-2026	713.649165	  0.000000	  2.088279	  0.000000	  0.138430	 -0.163424	  0.155489	  0.106020	  0.100893	  0.098024	  0.011597	  0.010925	 18.370336	 18.411536	 18.519112	 18.345159
14:42:27 10-4-2026	715.066541	  0.000000	  2.088279	  0.000000	  0.137331	 -0.155299	  0.155489	  0.103273	  0.101076	  0.104860	  0.008423	  0.010803	 18.381781	 18.393225	 18.500801	 18.345159
14:42:28 10-4-2026	713.649165	  0.000000	  2.089103	  0.000000	  0.137453	 -0.166819	  0.155680	  0.110780	  0.100771	  0.104555	  0.009216	  0.010132	 18.381781	 18.388647	 18.507668	 18.345159
14:42:29 10-4-2026	715.066541	  0.000000	  2.088279	  0.000000	  0.137942	 -0.164416	  0.155261	  0.098817	  0.101076	  0.103273	  0.009033	  0.010620	 18.374914	 18.393225	 18.512245	 18.352026
14:42:30 10-4-2026	714.357150	  0.000000	  2.088279	  0.000000	  0.137331	 -0.160449	  0.155070	  0.103456	  0.101076	  0.105348	  0.009644	  0.010925	 18.374914	 18.388647	 18.500801	 18.345159
14:42:31 10-4-2026	714.357150	  0.000000	  2.089103	  0.000000	  0.137636	 -0.165599	  0.155070	  0.101869	  0.101076	  0.107729	  0.010620	  0.010803	 18.374914	 18.400092	 18.507668	 18.352026
14:42:32 10-4-2026	733.270883	  0.000000	  2.089103	  0.000000	  0.138552	 -0.152018	  0.155184	  0.105531	  0.100893	  0.102358	  0.010315	  0.010132	 18.374914	 18.388647	 18.507668	 18.370336
14:42:33 10-4-2026	714.357150	  0.000000	  2.088279	  0.000000	  0.138125	 -0.162737	  0.155261	  0.100893	  0.101076	  0.101686	  0.012024	  0.010315	 18.374914	 18.388647	 18.519112	 18.345159
14:42:34 10-4-2026	715.777343	  0.000000	  2.089103	  0.000000	  0.137758	 -0.158274	  0.155375	  0.096925	  0.101198	  0.099184	  0.011597	  0.010132	 18.381781	 18.400092	 18.500801	 18.340581
14:42:35 10-4-2026	714.357150	  0.000000	  2.088279	  0.000000	  0.137758	 -0.156367	  0.155070	  0.103578	  0.101198	  0.104738	  0.011109	  0.011109	 18.381781	 18.393225	 18.500801	 18.352026
14:42:36 10-4-2026	715.066541	  0.000000	  2.089103	  0.000000	  0.138125	 -0.155566	  0.155375	  0.106630	  0.101198	  0.101564	  0.009216	  0.011109	 18.381781	 18.393225	 18.512245	 18.352026
14:42:37 10-4-2026	715.066541	  0.000000	  2.089103	  0.000000	  0.137942	 -0.157664	  0.155566	  0.110903	  0.101198	  0.107424	  0.008423	  0.010803	 18.388647	 18.388647	 18.493935	 18.345159
14:42:38 10-4-2026	713.649165	  0.000000	  2.088279	  0.000000	  0.138918	 -0.140078	  0.155375	  0.101564	  0.101198	  0.104738	  0.009339	  0.010925	 18.374914	 18.388647	 18.507668	 18.352026
14:42:39 10-4-2026	715.066541	  0.000000	  2.088279	  0.000000	  0.137148	 -0.166896	  0.155566	  0.102785	  0.101198	  0.101198	  0.008850	  0.010437	 18.370336	 18.388647	 18.500801	 18.352026
14:42:40 10-4-2026	715.066541	  0.000000	  2.088279	  0.000000	  0.137636	 -0.155871	  0.155261	  0.110109	  0.101198	  0.104250	  0.012024	  0.010315	 18.370336	 18.393225	 18.493935	 18.345159
14:42:41 10-4-2026	714.357150	  0.000000	  2.089103	  0.000000	  0.136660	 -0.149920	  0.155375	  0.109316	  0.101198	  0.104250	  0.008728	  0.010925	 18.374914	 18.404669	 18.507668	 18.352026
14:42:42 10-4-2026	715.066541	  0.000000	  2.088279	  0.000000	  0.136965	 -0.155489	  0.155680	  0.088014	  0.101076	  0.097902	  0.010132	  0.009339	 18.388647	 18.400092	 18.500801	 18.352026
14:42:43 10-4-2026	740.814822	  0.000000	  2.088279	  0.000000	  0.138552	 -0.156786	  0.155680	  0.103578	  0.101076	  0.100282	  0.011414	  0.011109	 18.381781	 18.393225	 18.500801	 18.352026
14:42:44 10-4-2026	713.649165	  0.000000	  2.089103	  0.000000	  0.137636	 -0.151102	  0.155489	  0.108217	  0.101198	  0.098207	  0.009827	  0.010437	 18.393225	 18.393225	 18.507668	 18.352026
14:42:45 10-4-2026	714.357150	  0.000000	  2.089103	  0.000000	  0.137453	 -0.146143	  0.155261	  0.096742	  0.101198	  0.101869	  0.009644	  0.010925	 18.374914	 18.393225	 18.500801	 18.363470
14:42:46 10-4-2026	713.649165	  0.000000	  2.088279	  0.000000	  0.137942	 -0.165103	  0.155566	  0.105043	  0.101076	  0.101564	  0.010803	  0.010132	 18.381781	 18.393225	 18.500801	 18.352026
14:42:47 10-4-2026	713.649165	  0.000000	  2.089103	  0.000000	  0.137942	 -0.151522	  0.155375	  0.110414	  0.101198	  0.106020	  0.010132	  0.010132	 18.381781	 18.393225	 18.500801	 18.345159
14:42:48 10-4-2026	715.777343	  0.000000	  2.088279	  0.000000	  0.137758	 -0.146258	  0.155566	  0.103151	  0.101198	  0.106935	  0.008850	  0.010803	 18.381781	 18.393225	 18.500801	 18.358892
14:42:49 10-4-2026	713.649165	  0.000000	  2.088279	  0.000000	  0.137758	 -0.164836	  0.155070	  0.105837	  0.101198	  0.102968	  0.010437	  0.011902	 18.381781	 18.400092	 18.507668	 18.352026
14:42:50 10-4-2026	715.066541	  0.000000	  2.088279	  0.000000	  0.138247	 -0.156977	  0.155375	  0.106935	  0.101564	  0.106020	  0.009644	  0.011231	 18.381781	 18.393225	 18.507668	 18.352026
14:42:51 10-4-2026	715.066541	  0.000000	  2.088279	  0.000000	  0.136843	 -0.158465	  0.155566	  0.099306	  0.101381	  0.101991	  0.009644	  0.011231	 18.381781	 18.400092	 18.507668	 18.333715
14:42:52 10-4-2026	714.357150	  0.000000	  2.088279	  0.000000	  0.136660	 -0.163539	  0.155070	  0.109499	  0.101381	  0.107118	  0.008057	  0.010620	 18.370336	 18.388647	 18.507668	 18.352026
14:42:53 10-4-2026	714.357150	  0.000000	  2.088279	  0.000000	  0.136965	 -0.155871	  0.156176	  0.102663	  0.101198	  0.101686	  0.010925	  0.010315	 18.381781	 18.400092	 18.507668	 18.352026
14:42:54 10-4-2026	747.738325	  0.000000	  2.089103	  0.000000	  0.137453	 -0.162547	  0.155680	  0.105653	  0.101381	  0.097108	  0.011414	  0.010925	 18.404669	 18.400092	 18.512245	 18.352026
14:42:55 10-4-2026	715.066541	  0.000000	  2.089103	  0.000000	  0.137758	 -0.154498	  0.155375	  0.102663	  0.101381	  0.103944	  0.010620	  0.010803	 18.381781	 18.400092	 18.507668	 18.352026
14:42:56 10-4-2026	713.649165	  0.000000	  2.088279	  0.000000	  0.137636	 -0.167086	  0.154994	  0.100282	  0.101076	  0.099306	  0.012390	  0.010437	 18.381781	 18.400092	 18.507668	 18.345159
14:42:57 10-4-2026	715.066541	  0.000000	  2.088279	  0.000000	  0.136843	 -0.173152	  0.155070	  0.107118	  0.101198	  0.106020	  0.010132	  0.010620	 18.381781	 18.393225	 18.507668	 18.358892
14:42:58 10-4-2026	715.066541	  0.000000	  2.088279	  0.000000	  0.138247	 -0.160143	  0.155566	  0.099977	  0.101381	  0.103578	  0.010437	  0.010132	 18.381781	 18.400092	 18.507668	 18.358892
14:42:59 10-4-2026	714.357150	  0.000000	  2.088279	  0.000000	  0.136965	 -0.150111	  0.155489	  0.108217	  0.101381	  0.104555	  0.008850	  0.010803	 18.388647	 18.400092	 18.500801	 18.345159
14:43:00 10-4-2026	714.357150	  0.000000	  2.089103	  0.000000	  0.138247	 -0.153277	  0.155871	  0.104738	  0.101198	  0.105837	  0.011414	  0.010315	 18.374914	 18.400092	 18.507668	 18.363470
14:43:01 10-4-2026	715.066541	  0.000000	  2.088279	  0.000000	  0.137758	 -0.149233	  0.154994	  0.099611	  0.101381	  0.101869	  0.009522	  0.011231	 18.374914	 18.393225	 18.507668	 18.358892
14:43:02 10-4-2026	714.357150	  0.000000	  2.088279	  0.000000	  0.137758	 -0.160143	  0.155756	  0.115541	  0.101198	  0.102358	  0.011231	  0.011597	 18.381781	 18.393225	 18.507668	 18.352026
14:43:03 10-4-2026	715.066541	  0.000000	  2.088279	  0.000000	  0.137331	 -0.155680	  0.155070	  0.106142	  0.101381	  0.104372	  0.010925	  0.010437	 18.381781	 18.400092	 18.507668	 18.352026
14:43:04 10-4-2026	714.357150	  0.000000	  2.088279	  0.000000	  0.137331	 -0.150607	  0.155375	  0.105348	  0.101381	  0.103456	  0.012696	  0.010620	 18.388647	 18.393225	 18.500801	 18.345159
14:43:05 10-4-2026	754.002102	  0.000000	  2.089103	  0.000000	  0.136660	 -0.167086	  0.155489	  0.106630	  0.101198	  0.106813	  0.006348	  0.010620	 18.381781	 18.400092	 18.507668	 18.358892
14:43:06 10-4-2026	715.777343	  0.000000	  2.089103	  0.000000	  0.136660	 -0.158350	  0.155871	  0.103944	  0.101381	  0.105226	  0.008850	  0.010620	 18.381781	 18.393225	 18.507668	 18.352026
14:43:07 10-4-2026	713.649165	  0.000000	  2.089103	  0.000000	  0.138125	 -0.156062	  0.155871	  0.105348	  0.101381	  0.105653	  0.010132	  0.010437	 18.381781	 18.388647	 18.500801	 18.358892
14:43:08 10-4-2026	715.777343	  0.000000	  2.089103	  0.000000	  0.138247	 -0.152590	  0.154994	  0.098817	  0.101381	  0.098817	  0.012024	  0.010010	 18.388647	 18.400092	 18.500801	 18.345159
14:43:09 10-4-2026	714.357150	  0.000000	  2.088279	  0.000000	  0.137148	 -0.163119	  0.155871	  0.106630	  0.101381	  0.104372	  0.010925	  0.011109	 18.374914	 18.393225	 18.507668	 18.358892
14:43:10 10-4-2026	715.777343	  0.000000	  2.089103	  0.000000	  0.137453	 -0.163424	  0.155871	  0.104738	  0.101381	  0.108827	  0.008850	  0.010132	 18.381781	 18.400092	 18.507668	 18.358892
14:43:11 10-4-2026	715.066541	  0.000000	  2.089103	  0.000000	  0.136965	 -0.152514	  0.155184	  0.103273	  0.101381	  0.105226	  0.010620	  0.009522	 18.388647	 18.400092	 18.500801	 18.358892
14:43:12 10-4-2026	715.066541	  0.000000	  2.088279	  0.000000	  0.137636	 -0.161822	  0.155680	  0.106020	  0.101381	  0.104738	  0.012696	  0.009339	 18.388647	 18.400092	 18.507668	 18.358892
14:43:13 10-4-2026	714.357150	  0.000000	  2.089103	  0.000000	  0.138125	 -0.150111	  0.155680	  0.104372	  0.101381	  0.094057	  0.011719	  0.009827	 18.374914	 18.400092	 18.500801	 18.370336
14:43:14 10-4-2026	715.066541	  0.000000	  2.089103	  0.000000	  0.137942	 -0.154192	  0.155261	  0.107607	  0.101564	  0.100587	  0.010437	  0.011902	 18.374914	 18.393225	 18.507668	 18.358892
14:43:15 10-4-2026	715.777343	  0.000000	  2.088279	  0.000000	  0.137453	 -0.168383	  0.154994	  0.098390	  0.101381	  0.108217	  0.009033	  0.010315	 18.381781	 18.404669	 18.507668	 18.358892
14:43:16 10-4-2026	760.371708	  0.000000	  2.089103	  0.000000	  0.137636	 -0.156786	  0.155566	  0.105653	  0.101381	  0.102174	  0.010803	  0.010437	 18.381781	 18.393225	 18.507668	 18.352026
14:43:17 10-4-2026	715.066541	  0.000000	  2.089103	  0.000000	  0.137942	 -0.163310	  0.155871	  0.104067	  0.101198	  0.094850	  0.012696	  0.010803	 18.381781	 18.411536	 18.500801	 18.352026
14:43:18 10-4-2026	715.777343	  0.000000	  2.088279	  0.000000	  0.137636	 -0.150530	  0.155489	  0.103944	  0.101381	  0.104067	  0.012024	  0.011109	 18.374914	 18.393225	 18.512245	 18.345159
14:43:19 10-4-2026	713.649165	  0.000000	  2.088279	  0.000000	  0.137942	 -0.169604	  0.155566	  0.110109	  0.101381	  0.099611	  0.010437	  0.010803	 18.388647	 18.393225	 18.500801	 18.352026
14:43:20 10-4-2026	713.649165	  0.000000	  2.088279	  0.000000	  0.136843	 -0.148737	  0.155489	  0.110597	  0.101381	  0.101686	  0.011597	  0.010132	 18.388647	 18.393225	 18.507668	 18.358892
14:43:21 10-4-2026	714.357150	  0.000000	  2.089103	  0.000000	  0.137636	 -0.147135	  0.155871	  0.106813	  0.101381	  0.100282	  0.007630	  0.011597	 18.381781	 18.400092	 18.512245	 18.358892
14:43:22 10-4-2026	712.942581	  0.000000	  2.089103	  0.000000	  0.137148	 -0.147822	  0.155375	  0.098695	  0.101381	  0.105348	  0.010132	  0.010437	 18.388647	 18.411536	 18.512245	 18.352026
14:43:23 10-4-2026	715.066541	  0.000000	  2.089103	  0.000000	  0.137758	 -0.160258	  0.155184	  0.107607	  0.101381	  0.111696	  0.008057	  0.010620	 18.404669	 18.404669	 18.507668	 18.352026
14:43:24 10-4-2026	715.777343	  0.000000	  2.089103	  0.000000	  0.138552	 -0.150416	  0.155489	  0.100771	  0.101686	  0.102663	  0.009339	  0.010803	 18.388647	 18.393225	 18.525978	 18.358892
14:43:25 10-4-2026	712.942581	  0.000000	  2.088279	  0.000000	  0.137636	 -0.158656	  0.155566	  0.104555	  0.101686	  0.102663	  0.008423	  0.010925	 18.388647	 18.400092	 18.512245	 18.358892
14:43:26 10-4-2026	714.357150	  0.000000	  2.089103	  0.000000	  0.137148	 -0.155985	  0.155756	  0.094057	  0.101564	  0.103456	  0.011902	  0.010620	 18.388647	 18.393225	 18.507668	 18.363470
14:43:27 10-4-2026	769.307700	  0.000000	  2.089103	  0.000000	  0.138125	 -0.167201	  0.155871	  0.102663	  0.101198	  0.105531	  0.011719	  0.009644	 18.388647	 18.400092	 18.512245	 18.358892
14:43:28 10-4-2026	713.649165	  0.000000	  2.088279	  0.000000	  0.137453	 -0.157664	  0.155680	  0.102663	  0.101564	  0.098512	  0.011414	  0.010437	 18.374914	 18.393225	 18.500801	 18.352026
14:43:29 10-4-2026	714.357150	  0.000000	  2.089103	  0.000000	  0.136965	 -0.150607	  0.155375	  0.102663	  0.101564	  0.103944	  0.010803	  0.010620	 18.381781	 18.404669	 18.512245	 18.363470
14:43:30 10-4-2026	714.357150	  0.000000	  2.089103	  0.000000	  0.138247	 -0.156863	  0.155184	  0.111391	  0.101381	  0.107729	  0.006470	  0.010803	 18.374914	 18.404669	 18.507668	 18.358892
14:43:31 10-4-2026	716.489559	  0.000000	  2.089103	  0.000000	  0.138918	 -0.154688	  0.155871	  0.117250	  0.101198	  0.107607	  0.010315	  0.011231	 18.381781	 18.400092	 18.493935	 18.358892
14:43:32 10-4-2026	714.357150	  0.000000	  2.089103	  0.000000	  0.137453	 -0.155795	  0.155985	  0.115846	  0.101381	  0.101564	  0.010010	  0.011597	 18.381781	 18.393225	 18.512245	 18.345159
14:43:33 10-4-2026	714.357150	  0.000000	  2.088279	  0.000000	  0.138125	 -0.146448	  0.155566	  0.097108	  0.101686	  0.100099	  0.009644	  0.010803	 18.388647	 18.400092	 18.512245	 18.352026
14:43:34 10-4-2026	714.357150	  0.000000	  2.088279	  0.000000	  0.139040	 -0.154994	  0.155680	  0.103456	  0.101564	  0.107607	  0.010010	  0.011109	 18.388647	 18.393225	 18.507668	 18.358892
