Time            	RT01 (RPM)     	RT02 (RPM)    	FT01 (m3/h)   	FT02 (m3/h)   	PT01 (bar)    	PT02 (bar)    	PT03 (bar)    	PT04 (bar)    	PT05 (bar)    	PT06 (bar)    	PT07 (bar)    	PT08 (bar)    	TT01 (C)      	TT02 (C)      	TT03 (C)      	TT04 (C) 
14:51:27 10-4-2026	720.072007	  0.000000	  0.000000	  0.000000	  0.141726	 -0.362707	  0.157244	  0.090089	  0.104250	  0.088685	  0.008850	  0.010315	 18.448157	 18.464179	 18.537423	 18.418402
14:51:28 10-4-2026	720.792800	  0.000000	  0.000000	  0.000000	  0.141299	 -0.353094	  0.157473	  0.089601	  0.104250	  0.089601	  0.007935	  0.010132	 18.441291	 18.471046	 18.542000	 18.422980
14:51:29 10-4-2026	720.792800	  0.000000	  0.000000	  0.000000	  0.143008	 -0.357366	  0.158541	  0.088991	  0.104067	  0.091371	  0.007752	  0.010010	 18.441291	 18.477913	 18.537423	 18.418402
14:51:30 10-4-2026	719.352655	  0.000000	  0.000000	  0.000000	  0.142580	 -0.357939	  0.158732	  0.089479	  0.103944	  0.091554	  0.009216	  0.010010	 18.441291	 18.471046	 18.537423	 18.429847
14:51:31 10-4-2026	719.352655	  0.000000	  0.000000	  0.000000	  0.141604	 -0.352293	  0.158961	  0.088502	  0.103944	  0.089296	  0.009033	  0.010315	 18.448157	 18.464179	 18.537423	 18.418402
14:51:32 10-4-2026	720.072007	  0.000000	  0.000000	  0.000000	  0.141726	 -0.352674	  0.157359	  0.089296	  0.104067	  0.089479	  0.009216	  0.010132	 18.448157	 18.477913	 18.537423	 18.429847
14:51:33 10-4-2026	719.352655	  0.000000	  0.000000	  0.000000	  0.141115	 -0.358358	  0.158236	  0.089601	  0.104250	  0.090272	  0.007752	  0.010132	 18.448157	 18.471046	 18.530556	 18.418402
14:51:34 10-4-2026	720.792800	  0.000000	  0.000000	  0.000000	  0.142397	 -0.358129	  0.158045	  0.089784	  0.103944	  0.090761	  0.008728	  0.010010	 18.441291	 18.464179	 18.542000	 18.434424
14:51:35 10-4-2026	720.072007	  0.000000	  0.000000	  0.000000	  0.142092	 -0.350690	  0.159342	  0.088014	  0.104067	  0.091859	  0.009522	  0.010010	 18.441291	 18.464179	 18.537423	 18.422980
14:51:36 10-4-2026	720.072007	  0.000000	  0.000000	  0.000000	  0.141115	 -0.358930	  0.157473	  0.090089	  0.104372	  0.088685	  0.009216	  0.010132	 18.441291	 18.471046	 18.542000	 18.429847
14:51:37 10-4-2026	720.072007	  0.000000	  0.000000	  0.000000	  0.142702	 -0.358358	  0.158961	  0.090089	  0.104372	  0.089296	  0.008850	  0.010132	 18.441291	 18.471046	 18.542000	 18.422980
14:51:38 10-4-2026	719.352655	  0.000000	  0.000000	  0.000000	  0.141421	 -0.355459	  0.157855	  0.091554	  0.104250	  0.089113	  0.008057	  0.010315	 18.448157	 18.477913	 18.542000	 18.429847
14:51:39 10-4-2026	719.352655	  0.000000	  0.000000	  0.000000	  0.141115	 -0.350385	  0.158045	  0.089601	  0.104250	  0.089113	  0.007935	  0.010010	 18.448157	 18.471046	 18.537423	 18.422980
14:51:40 10-4-2026	720.072007	  0.000000	  0.000000	  0.000000	  0.142397	 -0.355573	  0.157969	  0.088808	  0.104250	  0.092348	  0.009216	  0.010010	 18.441291	 18.464179	 18.542000	 18.422980
14:51:41 10-4-2026	720.792800	  0.000000	  0.000000	  0.000000	  0.142092	 -0.355383	  0.159152	  0.088991	  0.103944	  0.092653	  0.010132	  0.010437	 18.441291	 18.477913	 18.548867	 18.422980
14:51:42 10-4-2026	720.072007	  0.000000	  0.000000	  0.000000	  0.142397	 -0.357633	  0.157740	  0.090272	  0.104067	  0.088197	  0.009522	  0.010315	 18.448157	 18.471046	 18.537423	 18.429847
14:51:43 10-4-2026	719.352655	  0.000000	  0.000000	  0.000000	  0.140810	 -0.356565	  0.157740	  0.088685	  0.104067	  0.090578	  0.008728	  0.010132	 18.441291	 18.482490	 18.537423	 18.429847
14:51:44 10-4-2026	719.352655	  0.000000	  0.000000	  0.000000	  0.142214	 -0.358053	  0.157664	  0.089601	  0.104372	  0.088808	  0.009644	  0.010010	 18.441291	 18.471046	 18.537423	 18.422980
14:51:45 10-4-2026	718.634738	  0.000000	  0.000000	  0.000000	  0.142397	 -0.354162	  0.159152	  0.088685	  0.104372	  0.091371	  0.009033	  0.010010	 18.434424	 18.477913	 18.542000	 18.422980
14:51:46 10-4-2026	720.072007	  0.000000	  0.000000	  0.000000	  0.142702	 -0.355573	  0.159342	  0.088808	  0.104372	  0.088197	  0.009216	  0.010315	 18.452735	 18.471046	 18.542000	 18.429847
14:51:47 10-4-2026	720.792800	  0.000000	  0.000000	  0.000000	  0.143008	 -0.352598	  0.158961	  0.088319	  0.104372	  0.090089	  0.007630	  0.010132	 18.452735	 18.471046	 18.530556	 18.429847
14:51:48 10-4-2026	719.352655	  0.000000	  0.000000	  0.000000	  0.141909	 -0.353094	  0.158656	  0.089601	  0.104372	  0.090883	  0.009644	  0.010315	 18.459602	 18.477913	 18.537423	 18.429847
14:51:49 10-4-2026	718.634738	  0.000000	  0.000000	  0.000000	  0.141299	 -0.353590	  0.156863	  0.089967	  0.104372	  0.087221	  0.008240	  0.010803	 18.441291	 18.452735	 18.537423	 18.429847
14:51:50 10-4-2026	720.072007	  0.000000	  0.000000	  0.000000	  0.141909	 -0.353475	  0.157740	  0.090089	  0.104250	  0.091188	  0.007935	  0.010010	 18.448157	 18.477913	 18.542000	 18.422980
14:51:51 10-4-2026	720.792800	  0.000000	  0.000000	  0.000000	  0.143374	 -0.361524	  0.158732	  0.088502	  0.104250	  0.090272	  0.007935	  0.010132	 18.459602	 18.471046	 18.542000	 18.434424
14:51:52 10-4-2026	720.072007	  0.000000	  0.000000	  0.000000	  0.143008	 -0.354772	  0.157969	  0.090394	  0.104250	  0.090089	  0.009339	  0.010132	 18.441291	 18.477913	 18.542000	 18.429847
14:51:53 10-4-2026	720.072007	  0.000000	  0.000000	  0.000000	  0.142092	 -0.351301	  0.158656	  0.088319	  0.103944	  0.088502	  0.008057	  0.010315	 18.459602	 18.477913	 18.530556	 18.418402
14:51:54 10-4-2026	720.072007	  0.000000	  0.000000	  0.000000	  0.141299	 -0.359236	  0.157473	  0.090578	  0.104067	  0.087526	  0.008850	  0.010315	 18.441291	 18.477913	 18.542000	 18.422980
14:51:55 10-4-2026	719.352655	  0.000000	  0.000000	  0.000000	  0.142397	 -0.353590	  0.158236	  0.089113	  0.104250	  0.092775	  0.008728	  0.009827	 18.441291	 18.477913	 18.542000	 18.434424
14:51:56 10-4-2026	719.352655	  0.000000	  0.000000	  0.000000	  0.143008	 -0.357252	  0.158961	  0.088685	  0.104250	  0.091188	  0.009827	  0.009339	 18.441291	 18.493935	 18.542000	 18.434424
14:51:57 10-4-2026	719.352655	  0.000000	  0.000000	  0.000000	  0.141604	 -0.359236	  0.158961	  0.089296	  0.104250	  0.090272	  0.009216	  0.010132	 18.452735	 18.471046	 18.537423	 18.429847
14:51:58 10-4-2026	720.792800	  0.000000	  0.000000	  0.000000	  0.142702	 -0.359426	  0.159533	  0.088991	  0.104250	  0.090883	  0.009339	  0.010010	 18.452735	 18.477913	 18.542000	 18.429847
14:51:59 10-4-2026	720.792800	  0.000000	  0.000000	  0.000000	  0.141909	 -0.345235	  0.159152	  0.088197	  0.104372	  0.089113	  0.008850	  0.010315	 18.448157	 18.482490	 18.548867	 18.429847
14:52:00 10-4-2026	720.072007	  0.000000	  0.000000	  0.000000	  0.141421	 -0.349584	  0.157549	  0.089784	  0.104250	  0.088197	  0.008545	  0.010010	 18.459602	 18.482490	 18.548867	 18.429847
14:52:01 10-4-2026	719.352655	  0.000000	  0.000000	  0.000000	  0.140627	 -0.356451	  0.158236	  0.089784	  0.104250	  0.089601	  0.008057	  0.010010	 18.452735	 18.489357	 18.542000	 18.434424
14:52:02 10-4-2026	720.072007	  0.000000	  0.000000	  0.000000	  0.142702	 -0.354467	  0.157664	  0.090394	  0.104067	  0.091676	  0.010620	  0.009522	 18.441291	 18.477913	 18.542000	 18.434424
14:52:03 10-4-2026	720.072007	  0.000000	  0.000000	  0.000000	  0.142397	 -0.348211	  0.158846	  0.088685	  0.104067	  0.092348	  0.009216	  0.009644	 18.448157	 18.471046	 18.548867	 18.422980
14:52:04 10-4-2026	720.072007	  0.000000	  0.000000	  0.000000	  0.142092	 -0.353094	  0.158541	  0.089784	  0.104067	  0.088808	  0.008423	  0.010132	 18.452735	 18.482490	 18.542000	 18.434424
14:52:05 10-4-2026	719.352655	  0.000000	  0.000000	  0.000000	  0.141604	 -0.351110	  0.157244	  0.091371	  0.104250	  0.090272	  0.007935	  0.010132	 18.441291	 18.489357	 18.542000	 18.429847
14:52:06 10-4-2026	721.515037	  0.000000	  0.000000	  0.000000	  0.142580	 -0.354582	  0.158350	  0.088991	  0.104250	  0.090272	  0.008545	  0.010010	 18.452735	 18.482490	 18.537423	 18.448157
14:52:07 10-4-2026	720.072007	  0.000000	  0.000000	  0.000000	  0.142092	 -0.357137	  0.159152	  0.087709	  0.104250	  0.091554	  0.010437	  0.010010	 18.448157	 18.482490	 18.542000	 18.429847
14:52:08 10-4-2026	720.072007	  0.000000	  0.000000	  0.000000	  0.141909	 -0.353094	  0.159037	  0.088808	  0.104372	  0.088685	  0.009033	  0.010315	 18.441291	 18.482490	 18.537423	 18.429847
14:52:09 10-4-2026	719.352655	  0.000000	  0.000000	  0.000000	  0.142885	 -0.355955	  0.159266	  0.088808	  0.104250	  0.092164	  0.009827	  0.010010	 18.448157	 18.482490	 18.542000	 18.434424
14:52:10 10-4-2026	720.072007	  0.000000	  0.000000	  0.000000	  0.142580	 -0.348402	  0.157969	  0.090089	  0.104250	  0.090272	  0.009033	  0.010315	 18.452735	 18.482490	 18.537423	 18.434424
14:52:11 10-4-2026	719.352655	  0.000000	  0.000000	  0.000000	  0.141299	 -0.351873	  0.158465	  0.089967	  0.104372	  0.089296	  0.008240	  0.009644	 18.448157	 18.493935	 18.548867	 18.448157
14:52:12 10-4-2026	719.352655	  0.000000	  0.000000	  0.000000	  0.141909	 -0.360647	  0.157969	  0.090394	  0.104555	  0.088014	  0.008728	  0.009827	 18.448157	 18.489357	 18.542000	 18.434424
14:52:13 10-4-2026	720.792800	  0.000000	  0.000000	  0.000000	  0.141604	 -0.348898	  0.159152	  0.088197	  0.104372	  0.090883	  0.008850	  0.010010	 18.448157	 18.482490	 18.542000	 18.434424
14:52:14 10-4-2026	719.352655	  0.000000	  0.000000	  0.000000	  0.142702	 -0.356069	  0.159266	  0.089296	  0.104250	  0.090089	  0.009827	  0.010132	 18.452735	 18.482490	 18.542000	 18.434424
14:52:15 10-4-2026	720.792800	  0.000000	  0.000000	  0.000000	  0.140932	 -0.353475	  0.158656	  0.089296	  0.104372	  0.090394	  0.008728	  0.010132	 18.448157	 18.482490	 18.548867	 18.434424
14:52:16 10-4-2026	719.352655	  0.000000	  0.000000	  0.000000	  0.141115	 -0.352865	  0.157244	  0.090578	  0.104250	  0.088808	  0.008423	  0.010315	 18.452735	 18.477913	 18.537423	 18.434424
14:52:17 10-4-2026	720.072007	  0.000000	  0.000000	  0.000000	  0.141726	 -0.354086	  0.158236	  0.089296	  0.104067	  0.091981	  0.008423	  0.010010	 18.459602	 18.489357	 18.548867	 18.429847
14:52:18 10-4-2026	720.072007	  0.000000	  0.000000	  0.000000	  0.142092	 -0.362707	  0.159648	  0.088808	  0.104250	  0.092164	  0.009827	  0.010315	 18.448157	 18.489357	 18.542000	 18.441291
14:52:19 10-4-2026	720.072007	  0.000000	  0.000000	  0.000000	  0.141726	 -0.348325	  0.158236	  0.090089	  0.104372	  0.089601	  0.009827	  0.010132	 18.448157	 18.482490	 18.548867	 18.441291
14:52:20 10-4-2026	720.072007	  0.000000	  0.000000	  0.000000	  0.142885	 -0.351110	  0.158961	  0.088991	  0.104372	  0.091981	  0.009216	  0.010132	 18.448157	 18.489357	 18.555734	 18.434424
14:52:21 10-4-2026	720.072007	  0.000000	  0.000000	  0.000000	  0.142214	 -0.351186	  0.159342	  0.088319	  0.104250	  0.088014	  0.008728	  0.010010	 18.459602	 18.489357	 18.548867	 18.448157
14:52:22 10-4-2026	719.352655	  0.000000	  0.000000	  0.000000	  0.142092	 -0.355383	  0.157549	  0.090394	  0.104372	  0.088685	  0.009339	  0.010437	 18.448157	 18.482490	 18.542000	 18.441291
14:52:23 10-4-2026	720.792800	  0.000000	  0.000000	  0.000000	  0.141299	 -0.348516	  0.159037	  0.089296	  0.104372	  0.090883	  0.007752	  0.010010	 18.459602	 18.489357	 18.542000	 18.441291
14:52:24 10-4-2026	719.352655	  0.000000	  0.000000	  0.000000	  0.143008	 -0.351606	  0.158541	  0.088991	  0.104250	  0.091981	  0.009827	  0.010010	 18.448157	 18.482490	 18.542000	 18.434424
14:52:25 10-4-2026	720.792800	  0.000000	  0.000000	  0.000000	  0.142092	 -0.355383	  0.159533	  0.088014	  0.104555	  0.090761	  0.009033	  0.010010	 18.452735	 18.482490	 18.548867	 18.441291
14:52:26 10-4-2026	720.792800	  0.000000	  0.000000	  0.000000	  0.142397	 -0.349584	  0.157855	  0.090394	  0.104372	  0.088197	  0.009522	  0.010437	 18.459602	 18.493935	 18.542000	 18.441291
14:52:27 10-4-2026	720.072007	  0.000000	  0.000000	  0.000000	  0.141115	 -0.351682	  0.157664	  0.089784	  0.104555	  0.089601	  0.007446	  0.010437	 18.464179	 18.489357	 18.537423	 18.434424
14:52:28 10-4-2026	720.072007	  0.000000	  0.000000	  0.000000	  0.142702	 -0.357748	  0.158732	  0.089601	  0.104738	  0.090761	  0.008057	  0.010437	 18.452735	 18.482490	 18.548867	 18.441291
14:52:29 10-4-2026	720.072007	  0.000000	  0.000000	  0.000000	  0.142702	 -0.353170	  0.159457	  0.089113	  0.104372	  0.091981	  0.009216	  0.010010	 18.452735	 18.489357	 18.548867	 18.448157
14:52:30 10-4-2026	720.072007	  0.000000	  0.000000	  0.000000	  0.142092	 -0.350385	  0.157359	  0.090272	  0.104555	  0.088502	  0.009339	  0.010132	 18.459602	 18.489357	 18.548867	 18.448157
14:52:31 10-4-2026	720.072007	  0.000000	  0.000000	  0.000000	  0.142885	 -0.349699	  0.159342	  0.087221	  0.104372	  0.090761	  0.008850	  0.010132	 18.448157	 18.489357	 18.542000	 18.448157
14:52:32 10-4-2026	720.072007	  0.000000	  0.000000	  0.000000	  0.143191	 -0.351492	  0.158656	  0.088808	  0.104555	  0.089784	  0.009522	  0.009827	 18.459602	 18.489357	 18.548867	 18.441291
14:52:33 10-4-2026	719.352655	  0.000000	  0.000000	  0.000000	  0.141421	 -0.352865	  0.158045	  0.089601	  0.104555	  0.088319	  0.007935	  0.010620	 18.459602	 18.482490	 18.542000	 18.448157
14:52:34 10-4-2026	720.072007	  0.000000	  0.000000	  0.000000	  0.141115	 -0.358930	  0.157549	  0.090089	  0.104372	  0.088197	  0.007630	  0.010132	 18.448157	 18.493935	 18.548867	 18.452735
14:52:35 10-4-2026	717.203194	  0.000000	  0.000000	  0.000000	  0.142702	 -0.354772	  0.159457	  0.088808	  0.104250	  0.091859	  0.008545	  0.010315	 18.459602	 18.507668	 18.548867	 18.448157
14:52:36 10-4-2026	720.792800	  0.000000	  0.000000	  0.000000	  0.142580	 -0.353094	  0.159457	  0.088685	  0.104372	  0.089296	  0.009522	  0.009827	 18.452735	 18.489357	 18.542000	 18.448157
14:52:37 10-4-2026	718.634738	  0.000000	  0.000000	  0.000000	  0.141115	 -0.347028	  0.157969	  0.089601	  0.104372	  0.089601	  0.010010	  0.010010	 18.464179	 18.489357	 18.542000	 18.448157
14:52:38 10-4-2026	719.352655	  0.000000	  0.000000	  0.000000	  0.141726	 -0.359426	  0.157855	  0.091066	  0.104372	  0.089296	  0.007935	  0.010010	 18.448157	 18.489357	 18.542000	 18.459602
14:52:39 10-4-2026	720.072007	  0.000000	  0.000000	  0.000000	  0.142214	 -0.360227	  0.157664	  0.092958	  0.104555	  0.091371	  0.007935	  0.009644	 18.452735	 18.489357	 18.542000	 18.448157
14:52:40 10-4-2026	719.352655	  0.000000	  0.000000	  0.000000	  0.142885	 -0.352865	  0.159152	  0.089296	  0.104555	  0.091371	  0.008545	  0.009339	 18.459602	 18.493935	 18.548867	 18.459602
14:52:41 10-4-2026	720.792800	  0.000000	  0.000000	  0.000000	  0.143374	 -0.353590	  0.158541	  0.089479	  0.104372	  0.090089	  0.007446	  0.010010	 18.452735	 18.493935	 18.555734	 18.448157
14:52:42 10-4-2026	719.352655	  0.000000	  0.000000	  0.000000	  0.142885	 -0.353590	  0.158846	  0.089967	  0.104372	  0.090089	  0.009644	  0.009827	 18.459602	 18.482490	 18.548867	 18.448157
14:52:43 10-4-2026	719.352655	  0.000000	  0.000000	  0.000000	  0.141909	 -0.351682	  0.158846	  0.088991	  0.104372	  0.090883	  0.008423	  0.010620	 18.459602	 18.493935	 18.548867	 18.441291
14:52:44 10-4-2026	720.792800	  0.000000	  0.000000	  0.000000	  0.141726	 -0.354582	  0.157473	  0.090578	  0.104555	  0.088991	  0.008728	  0.010315	 18.448157	 18.500801	 18.542000	 18.441291
14:52:45 10-4-2026	719.352655	  0.000000	  0.000000	  0.000000	  0.141909	 -0.349584	  0.157855	  0.089296	  0.104555	  0.090089	  0.008423	  0.010010	 18.452735	 18.500801	 18.542000	 18.448157
14:52:46 10-4-2026	720.072007	  0.000000	  0.000000	  0.000000	  0.143008	 -0.356565	  0.159533	  0.088197	  0.104372	  0.090578	  0.009522	  0.010620	 18.452735	 18.507668	 18.537423	 18.448157
14:52:47 10-4-2026	718.634738	  0.000000	  0.000000	  0.000000	  0.143191	 -0.350385	  0.159266	  0.090394	  0.104555	  0.091188	  0.009522	  0.010010	 18.459602	 18.493935	 18.542000	 18.452735
14:52:48 10-4-2026	720.072007	  0.000000	  0.000000	  0.000000	  0.141421	 -0.350004	  0.159037	  0.090761	  0.104555	  0.088319	  0.009216	  0.010315	 18.459602	 18.493935	 18.537423	 18.441291
14:52:49 10-4-2026	719.352655	  0.000000	  0.000000	  0.000000	  0.141726	 -0.355154	  0.158045	  0.092470	  0.104555	  0.088014	  0.008240	  0.010010	 18.452735	 18.500801	 18.542000	 18.441291
14:52:50 10-4-2026	720.072007	  0.000000	  0.000000	  0.000000	  0.141604	 -0.353361	  0.159342	  0.088991	  0.104738	  0.091066	  0.007752	  0.010010	 18.459602	 18.500801	 18.542000	 18.464179
14:52:51 10-4-2026	718.634738	  0.000000	  0.000000	  0.000000	  0.143496	 -0.351797	  0.159266	  0.087709	  0.104555	  0.089784	  0.009644	  0.010010	 18.471046	 18.500801	 18.548867	 18.448157
14:52:52 10-4-2026	720.072007	  0.000000	  0.000000	  0.000000	  0.142580	 -0.349889	  0.158541	  0.088502	  0.104738	  0.091371	  0.009216	  0.010132	 18.459602	 18.500801	 18.548867	 18.464179
14:52:53 10-4-2026	720.072007	  0.000000	  0.000000	  0.000000	  0.142092	 -0.353475	  0.159953	  0.088808	  0.104555	  0.092164	  0.010010	  0.010010	 18.464179	 18.507668	 18.548867	 18.452735
14:52:54 10-4-2026	720.072007	  0.000000	  0.000000	  0.000000	  0.141909	 -0.354963	  0.158160	  0.089967	  0.104738	  0.088685	  0.009827	  0.010315	 18.459602	 18.500801	 18.548867	 18.452735
14:52:55 10-4-2026	720.072007	  0.000000	  0.000000	  0.000000	  0.141299	 -0.350004	  0.157855	  0.089784	  0.104860	  0.089296	  0.007935	  0.010132	 18.452735	 18.493935	 18.548867	 18.441291
14:52:56 10-4-2026	719.352655	  0.000000	  0.000000	  0.000000	  0.142580	 -0.352789	  0.159152	  0.090089	  0.104372	  0.090394	  0.007630	  0.010315	 18.464179	 18.500801	 18.542000	 18.448157
14:52:57 10-4-2026	719.352655	  0.000000	  0.000000	  0.000000	  0.142397	 -0.352674	  0.159037	  0.087098	  0.104555	  0.091554	  0.009644	  0.010010	 18.464179	 18.500801	 18.548867	 18.448157
14:52:58 10-4-2026	719.352655	  0.000000	  0.000000	  0.000000	  0.141726	 -0.353590	  0.159648	  0.088319	  0.104555	  0.089601	  0.009216	  0.010315	 18.459602	 18.507668	 18.548867	 18.452735
14:52:59 10-4-2026	718.634738	  0.000000	  0.000000	  0.000000	  0.141299	 -0.351377	  0.158350	  0.087526	  0.104555	  0.089967	  0.009522	  0.010132	 18.459602	 18.500801	 18.542000	 18.448157
14:53:00 10-4-2026	720.072007	  0.000000	  0.000000	  0.000000	  0.141115	 -0.355383	  0.158465	  0.089601	  0.104738	  0.089601	  0.007630	  0.010132	 18.464179	 18.500801	 18.555734	 18.441291
14:53:01 10-4-2026	719.352655	  0.000000	  0.000000	  0.000000	  0.141909	 -0.352293	  0.158045	  0.091676	  0.104555	  0.093935	  0.008545	  0.010315	 18.459602	 18.493935	 18.548867	 18.448157
14:53:02 10-4-2026	719.352655	  0.000000	  0.000000	  0.000000	  0.142092	 -0.352178	  0.159838	  0.088197	  0.104555	  0.091981	  0.009033	  0.009644	 18.459602	 18.500801	 18.542000	 18.452735
14:53:03 10-4-2026	720.072007	  0.000000	  0.000000	  0.000000	  0.141726	 -0.349088	  0.159533	  0.086610	  0.104738	  0.091676	  0.007935	  0.010010	 18.459602	 18.500801	 18.548867	 18.448157
14:53:04 10-4-2026	720.072007	  0.000000	  0.000000	  0.000000	  0.142702	 -0.351606	  0.159037	  0.089479	  0.104555	  0.090394	  0.009339	  0.009827	 18.452735	 18.500801	 18.548867	 18.452735
14:53:05 10-4-2026	718.634738	  0.000000	  0.000000	  0.000000	  0.141604	 -0.347028	  0.158732	  0.085817	  0.104555	  0.090761	  0.009827	  0.009827	 18.459602	 18.507668	 18.548867	 18.452735
14:53:06 10-4-2026	720.072007	  0.000000	  0.000000	  0.000000	  0.141726	 -0.350500	  0.158045	  0.091371	  0.104738	  0.089296	  0.008240	  0.010315	 18.459602	 18.500801	 18.542000	 18.448157
14:53:07 10-4-2026	720.072007	  0.000000	  0.000000	  0.000000	  0.141421	 -0.350080	  0.158045	  0.090761	  0.104738	  0.091066	  0.008240	  0.010132	 18.459602	 18.493935	 18.555734	 18.452735
14:53:08 10-4-2026	718.634738	  0.000000	  0.000000	  0.000000	  0.142885	 -0.348211	  0.159152	  0.091554	  0.104738	  0.091676	  0.008240	  0.010010	 18.471046	 18.500801	 18.542000	 18.452735
14:53:09 10-4-2026	719.352655	  0.000000	  0.000000	  0.000000	  0.143008	 -0.346914	  0.158732	  0.088685	  0.104738	  0.089784	  0.010132	  0.009644	 18.459602	 18.500801	 18.542000	 18.452735
14:53:10 10-4-2026	720.072007	  0.000000	  0.000000	  0.000000	  0.141726	 -0.347219	  0.159152	  0.090394	  0.104738	  0.087709	  0.008850	  0.010315	 18.464179	 18.507668	 18.537423	 18.448157
14:53:11 10-4-2026	719.352655	  0.000000	  0.000000	  0.000000	  0.141726	 -0.350996	  0.157969	  0.089479	  0.104860	  0.087221	  0.008423	  0.010132	 18.464179	 18.507668	 18.555734	 18.448157
14:53:12 10-4-2026	719.352655	  0.000000	  0.000000	  0.000000	  0.141604	 -0.350690	  0.159266	  0.089967	  0.104860	  0.092470	  0.007935	  0.009522	 18.459602	 18.507668	 18.542000	 18.452735
14:53:13 10-4-2026	720.072007	  0.000000	  0.000000	  0.000000	  0.140810	 -0.346532	  0.158236	  0.089784	  0.104555	  0.090883	  0.009644	  0.010010	 18.464179	 18.512245	 18.548867	 18.452735
14:53:14 10-4-2026	719.352655	  0.000000	  0.000000	  0.000000	  0.142580	 -0.347829	  0.158961	  0.089601	  0.104738	  0.088685	  0.009033	  0.009827	 18.464179	 18.512245	 18.555734	 18.448157
14:53:15 10-4-2026	720.792800	  0.000000	  0.000000	  0.000000	  0.142214	 -0.348211	  0.159838	  0.090761	  0.104860	  0.091371	  0.009827	  0.010315	 18.464179	 18.500801	 18.548867	 18.452735
14:53:16 10-4-2026	717.918252	  0.000000	  0.000000	  0.000000	  0.141909	 -0.347028	  0.159762	  0.093446	  0.104738	  0.087221	  0.009216	  0.010010	 18.464179	 18.500801	 18.555734	 18.452735
14:53:17 10-4-2026	719.352655	  0.000000	  0.000000	  0.000000	  0.141604	 -0.351987	  0.158541	  0.090883	  0.104738	  0.088808	  0.007935	  0.009644	 18.464179	 18.500801	 18.542000	 18.452735
14:53:18 10-4-2026	720.072007	  0.000000	  0.000000	  0.000000	  0.141299	 -0.348020	  0.159152	  0.091554	  0.104860	  0.088197	  0.007935	  0.010315	 18.464179	 18.507668	 18.548867	 18.452735
